0.000000 100.000000
0.100000 104.993766
0.200000 109.962717
0.300000 114.882531
0.400000 119.729842
0.500000 124.482675
0.600000 129.120819
0.700000 133.626134
0.800000 137.982782
0.900000 142.177376
1.000000 146.199055
1.100000 150.039480
1.200000 153.692764
1.300000 157.155352
1.400000 160.425848
1.500000 163.504812
1.600000 166.394538
1.700000 169.098818
1.800000 171.622703
1.900000 173.972276
2.000000 176.154427
2.100000 178.176656
2.200000 180.046882
2.300000 181.773289
2.400000 183.364175
2.500000 184.827838
2.600000 186.172474
2.700000 187.406093
2.800000 188.536461
2.900000 189.571042
3.000000 190.516969
3.100000 191.381016
3.200000 192.169585
3.300000 192.888699
3.400000 193.544002
3.500000 194.140761
3.600000 194.683881
3.700000 195.177913
3.800000 195.627070
3.900000 196.035244
4.000000 196.406021
4.100000 196.742704
4.200000 197.048322
4.300000 197.325657
4.400000 197.577256
4.500000 197.805449
4.600000 198.012366
4.700000 198.199953
4.800000 198.369982
4.900000 198.524070
5.000000 198.663691
5.100000 198.790185
5.200000 198.904771
5.300000 199.008559
5.400000 199.102556
5.500000 199.187678
5.600000 199.264757
5.700000 199.334546
5.800000 199.397730
5.900000 199.454932
6.000000 199.506715
6.100000 199.553589
6.200000 199.596018
6.300000 199.634422
6.400000 199.669181
6.500000 199.700640
6.600000 199.729112
6.700000 199.754879
6.800000 199.778198
6.900000 199.799300
7.000000 199.818397
7.100000 199.835678
7.200000 199.851316
7.300000 199.865467
7.400000 199.878272
7.500000 199.889859
7.600000 199.900343
7.700000 199.909830
7.800000 199.918414
7.900000 199.926181
8.000000 199.933209
8.100000 199.939568
8.200000 199.945322
8.300000 199.950528
8.400000 199.955239
8.500000 199.959501
8.600000 199.963357
8.700000 199.966846
8.800000 199.970003
8.900000 199.972860
9.000000 199.975444
9.100000 199.977783
9.200000 199.979898
9.300000 199.981813
9.400000 199.983545
9.500000 199.985112
9.600000 199.986530
9.700000 199.987812
9.800000 199.988973
9.900000 199.990023
10.000000 199.990973
10.100000 199.991833
10.200000 199.992611
10.300000 199.993314
10.400000 199.993951
10.500000 199.994527
10.600000 199.995048
10.700000 199.995520
10.800000 199.995947
10.900000 199.996333
11.000000 199.996682
11.100000 199.996998
11.200000 199.997284
11.300000 199.997543
11.400000 199.997777
11.500000 199.997988
11.600000 199.998180
11.700000 199.998353
11.800000 199.998510
11.900000 199.998652
12.000000 199.998780
12.100000 199.998897
12.200000 199.999002
12.300000 199.999097
12.400000 199.999183
12.500000 199.999261
12.600000 199.999331
12.700000 199.999395
12.800000 199.999452
12.900000 199.999505
13.000000 199.999552
13.100000 199.999594
13.200000 199.999633
13.300000 199.999668
13.400000 199.999700
13.500000 199.999728
13.600000 199.999754
13.700000 199.999778
13.800000 199.999799
13.900000 199.999818
14.000000 199.999835
14.100000 199.999851
14.200000 199.999865
14.300000 199.999878
14.400000 199.999890
14.500000 199.999900
14.600000 199.999910
14.700000 199.999918
14.800000 199.999926
14.900000 199.999933
15.000000 199.999939
15.100000 199.999945
15.200000 199.999950
15.300000 199.999955
15.400000 199.999959
15.500000 199.999963
15.600000 199.999967
15.700000 199.999970
15.800000 199.999973
15.900000 199.999975
16.000000 199.999978
16.100000 199.999980
16.200000 199.999982
16.300000 199.999984
16.400000 199.999985
16.500000 199.999987
16.600000 199.999988
16.700000 199.999989
16.800000 199.999990
16.900000 199.999991
17.000000 199.999992
17.100000 199.999993
17.200000 199.999993
17.300000 199.999994
17.400000 199.999995
17.500000 199.999995
17.600000 199.999996
17.700000 199.999996
17.800000 199.999996
17.900000 199.999997
18.000000 199.999997
18.100000 199.999997
18.200000 199.999998
18.300000 199.999998
18.400000 199.999998
18.500000 199.999998
18.600000 199.999998
18.700000 199.999999
18.800000 199.999999
18.900000 199.999999
19.000000 199.999999
19.100000 199.999999
19.200000 199.999999
19.300000 199.999999
19.400000 199.999999
19.500000 199.999999
19.600000 199.999999
19.700000 199.999999
19.800000 200.000000
19.900000 200.000000
20.000000 200.000000
20.100000 200.000000
20.200000 200.000000
20.300000 200.000000
20.400000 200.000000
20.500000 200.000000
20.600000 200.000000
20.700000 200.000000
20.800000 200.000000
20.900000 200.000000
21.000000 200.000000
21.100000 200.000000
21.200000 200.000000
21.300000 200.000000
21.400000 200.000000
21.500000 200.000000
21.600000 200.000000
21.700000 200.000000
21.800000 200.000000
21.900000 200.000000
22.000000 200.000000
22.100000 200.000000
22.200000 200.000000
22.300000 200.000000
22.400000 200.000000
22.500000 200.000000
22.600000 200.000000
22.700000 200.000000
22.800000 200.000000
22.900000 200.000000
23.000000 200.000000
23.100000 200.000000
23.200000 200.000000
23.300000 200.000000
23.400000 200.000000
23.500000 200.000000
23.600000 200.000000
23.700000 200.000000
23.800000 200.000000
23.900000 200.000000
24.000000 200.000000
24.100000 200.000000
24.200000 200.000000
24.300000 200.000000
24.400000 200.000000
24.500000 200.000000
24.600000 200.000000
24.700000 200.000000
24.800000 200.000000
24.900000 200.000000
25.000000 200.000000
25.100000 200.000000
25.200000 200.000000
25.300000 200.000000
25.400000 200.000000
25.500000 200.000000
25.600000 200.000000
25.700000 200.000000
25.800000 200.000000
25.900000 200.000000
26.000000 200.000000
26.100000 200.000000
26.200000 200.000000
26.300000 200.000000
26.400000 200.000000
26.500000 200.000000
26.600000 200.000000
26.700000 200.000000
26.800000 200.000000
26.900000 200.000000
27.000000 200.000000
27.100000 200.000000
27.200000 200.000000
27.300000 200.000000
27.400000 200.000000
27.500000 200.000000
27.600000 200.000000
27.700000 200.000000
27.800000 200.000000
27.900000 200.000000
28.000000 200.000000
28.100000 200.000000
28.200000 200.000000
28.300000 200.000000
28.400000 200.000000
28.500000 200.000000
28.600000 200.000000
28.700000 200.000000
28.800000 200.000000
28.900000 200.000000
29.000000 200.000000
29.100000 200.000000
29.200000 200.000000
29.300000 200.000000
29.400000 200.000000
29.500000 200.000000
29.600000 200.000000
29.700000 200.000000
29.800000 200.000000
29.900000 200.000000
30.000000 200.000000
30.100000 200.000000
30.200000 200.000000
30.300000 200.000000
30.400000 200.000000
30.500000 200.000000
30.600000 200.000000
30.700000 200.000000
30.800000 200.000000
30.900000 200.000000
31.000000 200.000000
31.100000 200.000000
31.200000 200.000000
31.300000 200.000000
31.400000 200.000000
31.500000 200.000000
31.600000 200.000000
31.700000 200.000000
31.800000 200.000000
31.900000 200.000000
32.000000 200.000000
32.100000 200.000000
32.200000 200.000000
32.300000 200.000000
32.400000 200.000000
32.500000 200.000000
32.600000 200.000000
32.700000 200.000000
32.800000 200.000000
32.900000 200.000000
33.000000 200.000000
33.100000 200.000000
33.200000 200.000000
33.300000 200.000000
33.400000 200.000000
33.500000 200.000000
33.600000 200.000000
33.700000 200.000000
33.800000 200.000000
33.900000 200.000000
34.000000 200.000000
34.100000 200.000000
34.200000 200.000000
34.300000 200.000000
34.400000 200.000000
34.500000 200.000000
34.600000 200.000000
34.700000 200.000000
34.800000 200.000000
34.900000 200.000000
35.000000 200.000000
35.100000 200.000000
35.200000 200.000000
35.300000 200.000000
35.400000 200.000000
35.500000 200.000000
35.600000 200.000000
35.700000 200.000000
35.800000 200.000000
35.900000 200.000000
36.000000 200.000000
36.100000 200.000000
36.200000 200.000000
36.300000 200.000000
36.400000 200.000000
36.500000 200.000000
36.600000 200.000000
36.700000 200.000000
36.800000 200.000000
36.900000 200.000000
37.000000 200.000000
37.100000 200.000000
37.200000 200.000000
37.300000 200.000000
37.400000 200.000000
37.500000 200.000000
37.600000 200.000000
37.700000 200.000000
37.800000 200.000000
37.900000 200.000000
38.000000 200.000000
38.100000 200.000000
38.200000 200.000000
38.300000 200.000000
38.400000 200.000000
38.500000 200.000000
38.600000 200.000000
38.700000 200.000000
38.800000 200.000000
38.900000 200.000000
39.000000 200.000000
39.100000 200.000000
39.200000 200.000000
39.300000 200.000000
39.400000 200.000000
39.500000 200.000000
39.600000 200.000000
39.700000 200.000000
39.800000 200.000000
39.900000 200.000000
40.000000 200.000000
40.100000 200.000000
40.200000 200.000000
40.300000 200.000000
40.400000 200.000000
40.500000 200.000000
40.600000 200.000000
40.700000 200.000000
40.800000 200.000000
40.900000 200.000000
41.000000 200.000000
41.100000 200.000000
41.200000 200.000000
41.300000 200.000000
41.400000 200.000000
41.500000 200.000000
41.600000 200.000000
41.700000 200.000000
41.800000 200.000000
41.900000 200.000000
42.000000 200.000000
42.100000 200.000000
42.200000 200.000000
42.300000 200.000000
42.400000 200.000000
42.500000 200.000000
42.600000 200.000000
42.700000 200.000000
42.800000 200.000000
42.900000 200.000000
43.000000 200.000000
43.100000 200.000000
43.200000 200.000000
43.300000 200.000000
43.400000 200.000000
43.500000 200.000000
43.600000 200.000000
43.700000 200.000000
43.800000 200.000000
43.900000 200.000000
44.000000 200.000000
44.100000 200.000000
44.200000 200.000000
44.300000 200.000000
44.400000 200.000000
44.500000 200.000000
44.600000 200.000000
44.700000 200.000000
44.800000 200.000000
44.900000 200.000000
45.000000 200.000000
45.100000 200.000000
45.200000 200.000000
45.300000 200.000000
45.400000 200.000000
45.500000 200.000000
45.600000 200.000000
45.700000 200.000000
45.800000 200.000000
45.900000 200.000000
46.000000 200.000000
46.100000 200.000000
46.200000 200.000000
46.300000 200.000000
46.400000 200.000000
46.500000 200.000000
46.600000 200.000000
46.700000 200.000000
46.800000 200.000000
46.900000 200.000000
47.000000 200.000000
47.100000 200.000000
47.200000 200.000000
47.300000 200.000000
47.400000 200.000000
47.500000 200.000000
47.600000 200.000000
47.700000 200.000000
47.800000 200.000000
47.900000 200.000000
48.000000 200.000000
48.100000 200.000000
48.200000 200.000000
48.300000 200.000000
48.400000 200.000000
48.500000 200.000000
48.600000 200.000000
48.700000 200.000000
48.800000 200.000000
48.900000 200.000000
49.000000 200.000000
49.100000 200.000000
49.200000 200.000000
49.300000 200.000000
49.400000 200.000000
49.500000 200.000000
49.600000 200.000000
49.700000 200.000000
49.800000 200.000000
49.900000 200.000000
50.000000 200.000000
50.100000 200.000000
50.200000 200.000000
50.300000 200.000000
50.400000 200.000000
50.500000 200.000000
50.600000 200.000000
50.700000 200.000000
50.800000 200.000000
50.900000 200.000000
51.000000 200.000000
51.100000 200.000000
51.200000 200.000000
51.300000 200.000000
51.400000 200.000000
51.500000 200.000000
51.600000 200.000000
51.700000 200.000000
51.800000 200.000000
51.900000 200.000000
52.000000 200.000000
52.100000 200.000000
52.200000 200.000000
52.300000 200.000000
52.400000 200.000000
52.500000 200.000000
52.600000 200.000000
52.700000 200.000000
52.800000 200.000000
52.900000 200.000000
53.000000 200.000000
53.100000 200.000000
53.200000 200.000000
53.300000 200.000000
53.400000 200.000000
53.500000 200.000000
53.600000 200.000000
53.700000 200.000000
53.800000 200.000000
53.900000 200.000000
54.000000 200.000000
54.100000 200.000000
54.200000 200.000000
54.300000 200.000000
54.400000 200.000000
54.500000 200.000000
54.600000 200.000000
54.700000 200.000000
54.800000 200.000000
54.900000 200.000000
55.000000 200.000000
55.100000 200.000000
55.200000 200.000000
55.300000 200.000000
55.400000 200.000000
55.500000 200.000000
55.600000 200.000000
55.700000 200.000000
55.800000 200.000000
55.900000 200.000000
56.000000 200.000000
56.100000 200.000000
56.200000 200.000000
56.300000 200.000000
56.400000 200.000000
56.500000 200.000000
56.600000 200.000000
56.700000 200.000000
56.800000 200.000000
56.900000 200.000000
57.000000 200.000000
57.100000 200.000000
57.200000 200.000000
57.300000 200.000000
57.400000 200.000000
57.500000 200.000000
57.600000 200.000000
57.700000 200.000000
57.800000 200.000000
57.900000 200.000000
58.000000 200.000000
58.100000 200.000000
58.200000 200.000000
58.300000 200.000000
58.400000 200.000000
58.500000 200.000000
58.600000 200.000000
58.700000 200.000000
58.800000 200.000000
58.900000 200.000000
59.000000 200.000000
59.100000 200.000000
59.200000 200.000000
59.300000 200.000000
59.400000 200.000000
59.500000 200.000000
59.600000 200.000000
59.700000 200.000000
59.800000 200.000000
59.900000 200.000000
60.000000 200.000000
60.100000 200.000000
60.200000 200.000000
60.300000 200.000000
60.400000 200.000000
60.500000 200.000000
60.600000 200.000000
60.700000 200.000000
60.800000 200.000000
60.900000 200.000000
61.000000 200.000000
61.100000 200.000000
61.200000 200.000000
61.300000 200.000000
61.400000 200.000000
61.500000 200.000000
61.600000 200.000000
61.700000 200.000000
61.800000 200.000000
61.900000 200.000000
62.000000 200.000000
62.100000 200.000000
62.200000 200.000000
62.300000 200.000000
62.400000 200.000000
62.500000 200.000000
62.600000 200.000000
62.700000 200.000000
62.800000 200.000000
62.900000 200.000000
63.000000 200.000000
63.100000 200.000000
63.200000 200.000000
63.300000 200.000000
63.400000 200.000000
63.500000 200.000000
63.600000 200.000000
63.700000 200.000000
63.800000 200.000000
63.900000 200.000000
64.000000 200.000000
64.100000 200.000000
64.200000 200.000000
64.300000 200.000000
64.400000 200.000000
64.500000 200.000000
64.600000 200.000000
64.700000 200.000000
64.800000 200.000000
64.900000 200.000000
65.000000 200.000000
65.100000 200.000000
65.200000 200.000000
65.300000 200.000000
65.400000 200.000000
65.500000 200.000000
65.600000 200.000000
65.700000 200.000000
65.800000 200.000000
65.900000 200.000000
66.000000 200.000000
66.100000 200.000000
66.200000 200.000000
66.300000 200.000000
66.400000 200.000000
66.500000 200.000000
66.600000 200.000000
66.700000 200.000000
66.800000 200.000000
66.900000 200.000000
67.000000 200.000000
67.100000 200.000000
67.200000 200.000000
67.300000 200.000000
67.400000 200.000000
67.500000 200.000000
67.600000 200.000000
67.700000 200.000000
67.800000 200.000000
67.900000 200.000000
68.000000 200.000000
68.100000 200.000000
68.200000 200.000000
68.300000 200.000000
68.400000 200.000000
68.500000 200.000000
68.600000 200.000000
68.700000 200.000000
68.800000 200.000000
68.900000 200.000000
69.000000 200.000000
69.100000 200.000000
69.200000 200.000000
69.300000 200.000000
69.400000 200.000000
69.500000 200.000000
69.600000 200.000000
69.700000 200.000000
69.800000 200.000000
69.900000 200.000000
70.000000 200.000000
70.100000 200.000000
70.200000 200.000000
70.300000 200.000000
70.400000 200.000000
70.500000 200.000000
70.600000 200.000000
70.700000 200.000000
70.800000 200.000000
70.900000 200.000000
71.000000 200.000000
71.100000 200.000000
71.200000 200.000000
71.300000 200.000000
71.400000 200.000000
71.500000 200.000000
71.600000 200.000000
71.700000 200.000000
71.800000 200.000000
71.900000 200.000000
72.000000 200.000000
72.100000 200.000000
72.200000 200.000000
72.300000 200.000000
72.400000 200.000000
72.500000 200.000000
72.600000 200.000000
72.700000 200.000000
72.800000 200.000000
72.900000 200.000000
73.000000 200.000000
73.100000 200.000000
73.200000 200.000000
73.300000 200.000000
73.400000 200.000000
73.500000 200.000000
73.600000 200.000000
73.700000 200.000000
73.800000 200.000000
73.900000 200.000000
74.000000 200.000000
74.100000 200.000000
74.200000 200.000000
74.300000 200.000000
74.400000 200.000000
74.500000 200.000000
74.600000 200.000000
74.700000 200.000000
74.800000 200.000000
74.900000 200.000000
75.000000 200.000000
75.100000 200.000000
75.200000 200.000000
75.300000 200.000000
75.400000 200.000000
75.500000 200.000000
75.600000 200.000000
75.700000 200.000000
75.800000 200.000000
75.900000 200.000000
76.000000 200.000000
76.100000 200.000000
76.200000 200.000000
76.300000 200.000000
76.400000 200.000000
76.500000 200.000000
76.600000 200.000000
76.700000 200.000000
76.800000 200.000000
76.900000 200.000000
77.000000 200.000000
77.100000 200.000000
77.200000 200.000000
77.300000 200.000000
77.400000 200.000000
77.500000 200.000000
77.600000 200.000000
77.700000 200.000000
77.800000 200.000000
77.900000 200.000000
78.000000 200.000000
78.100000 200.000000
78.200000 200.000000
78.300000 200.000000
78.400000 200.000000
78.500000 200.000000
78.600000 200.000000
78.700000 200.000000
78.800000 200.000000
78.900000 200.000000
79.000000 200.000000
79.100000 200.000000
79.200000 200.000000
79.300000 200.000000
79.400000 200.000000
79.500000 200.000000
79.600000 200.000000
79.700000 200.000000
79.800000 200.000000
79.900000 200.000000
80.000000 200.000000
80.100000 200.000000
80.200000 200.000000
80.300000 200.000000
80.400000 200.000000
80.500000 200.000000
80.600000 200.000000
80.700000 200.000000
80.800000 200.000000
80.900000 200.000000
81.000000 200.000000
81.100000 200.000000
81.200000 200.000000
81.300000 200.000000
81.400000 200.000000
81.500000 200.000000
81.600000 200.000000
81.700000 200.000000
81.800000 200.000000
81.900000 200.000000
82.000000 200.000000
82.100000 200.000000
82.200000 200.000000
82.300000 200.000000
82.400000 200.000000
82.500000 200.000000
82.600000 200.000000
82.700000 200.000000
82.800000 200.000000
82.900000 200.000000
83.000000 200.000000
83.100000 200.000000
83.200000 200.000000
83.300000 200.000000
83.400000 200.000000
83.500000 200.000000
83.600000 200.000000
83.700000 200.000000
83.800000 200.000000
83.900000 200.000000
84.000000 200.000000
84.100000 200.000000
84.200000 200.000000
84.300000 200.000000
84.400000 200.000000
84.500000 200.000000
84.600000 200.000000
84.700000 200.000000
84.800000 200.000000
84.900000 200.000000
85.000000 200.000000
85.100000 200.000000
85.200000 200.000000
85.300000 200.000000
85.400000 200.000000
85.500000 200.000000
85.600000 200.000000
85.700000 200.000000
85.800000 200.000000
85.900000 200.000000
86.000000 200.000000
86.100000 200.000000
86.200000 200.000000
86.300000 200.000000
86.400000 200.000000
86.500000 200.000000
86.600000 200.000000
86.700000 200.000000
86.800000 200.000000
86.900000 200.000000
87.000000 200.000000
87.100000 200.000000
87.200000 200.000000
87.300000 200.000000
87.400000 200.000000
87.500000 200.000000
87.600000 200.000000
87.700000 200.000000
87.800000 200.000000
87.900000 200.000000
88.000000 200.000000
88.100000 200.000000
88.200000 200.000000
88.300000 200.000000
88.400000 200.000000
88.500000 200.000000
88.600000 200.000000
88.700000 200.000000
88.800000 200.000000
88.900000 200.000000
89.000000 200.000000
89.100000 200.000000
89.200000 200.000000
89.300000 200.000000
89.400000 200.000000
89.500000 200.000000
89.600000 200.000000
89.700000 200.000000
89.800000 200.000000
89.900000 200.000000
90.000000 200.000000
90.100000 200.000000
90.200000 200.000000
90.300000 200.000000
90.400000 200.000000
90.500000 200.000000
90.600000 200.000000
90.700000 200.000000
90.800000 200.000000
90.900000 200.000000
91.000000 200.000000
91.100000 200.000000
91.200000 200.000000
91.300000 200.000000
91.400000 200.000000
91.500000 200.000000
91.600000 200.000000
91.700000 200.000000
91.800000 200.000000
91.900000 200.000000
92.000000 200.000000
92.100000 200.000000
92.200000 200.000000
92.300000 200.000000
92.400000 200.000000
92.500000 200.000000
92.600000 200.000000
92.700000 200.000000
92.800000 200.000000
92.900000 200.000000
93.000000 200.000000
93.100000 200.000000
93.200000 200.000000
93.300000 200.000000
93.400000 200.000000
93.500000 200.000000
93.600000 200.000000
93.700000 200.000000
93.800000 200.000000
93.900000 200.000000
94.000000 200.000000
94.100000 200.000000
94.200000 200.000000
94.300000 200.000000
94.400000 200.000000
94.500000 200.000000
94.600000 200.000000
94.700000 200.000000
94.800000 200.000000
94.900000 200.000000
95.000000 200.000000
95.100000 200.000000
95.200000 200.000000
95.300000 200.000000
95.400000 200.000000
95.500000 200.000000
95.600000 200.000000
95.700000 200.000000
95.800000 200.000000
95.900000 200.000000
96.000000 200.000000
96.100000 200.000000
96.200000 200.000000
96.300000 200.000000
96.400000 200.000000
96.500000 200.000000
96.600000 200.000000
96.700000 200.000000
96.800000 200.000000
96.900000 200.000000
97.000000 200.000000
97.100000 200.000000
97.200000 200.000000
97.300000 200.000000
97.400000 200.000000
97.500000 200.000000
97.600000 200.000000
97.700000 200.000000
97.800000 200.000000
97.900000 200.000000
98.000000 200.000000
98.100000 200.000000
98.200000 200.000000
98.300000 200.000000
98.400000 200.000000
98.500000 200.000000
98.600000 200.000000
98.700000 200.000000
98.800000 200.000000
98.900000 200.000000
99.000000 200.000000
99.100000 200.000000
99.200000 200.000000
99.300000 200.000000
99.400000 200.000000
99.500000 200.000000
99.600000 200.000000
99.700000 200.000000
99.800000 200.000000
99.900000 200.000000
100.000000 200.000000
