-200.00 0.000000
-199.00 0.005000
-198.00 0.010000
-197.00 0.015000
-196.00 0.020000
-195.00 0.025000
-194.00 0.030000
-193.00 0.035000
-192.00 0.040000
-191.00 0.045000
-190.00 0.050000
-189.00 0.055000
-188.00 0.060000
-187.00 0.065000
-186.00 0.070000
-185.00 0.075000
-184.00 0.080000
-183.00 0.085000
-182.00 0.090000
-181.00 0.095000
-180.00 0.100000
-179.00 0.105000
-178.00 0.110000
-177.00 0.115000
-176.00 0.120000
-175.00 0.125000
-174.00 0.130000
-173.00 0.135000
-172.00 0.140000
-171.00 0.145000
-170.00 0.150000
-169.00 0.155000
-168.00 0.160000
-167.00 0.165000
-166.00 0.170000
-165.00 0.175000
-164.00 0.180000
-163.00 0.185000
-162.00 0.190000
-161.00 0.195000
-160.00 0.200000
-159.00 0.205000
-158.00 0.210000
-157.00 0.215000
-156.00 0.220000
-155.00 0.225000
-154.00 0.230000
-153.00 0.235000
-152.00 0.240000
-151.00 0.245000
-150.00 0.250000
-149.00 0.255000
-148.00 0.260000
-147.00 0.265000
-146.00 0.270000
-145.00 0.275000
-144.00 0.280000
-143.00 0.285000
-142.00 0.290000
-141.00 0.295000
-140.00 0.300000
-139.00 0.305000
-138.00 0.310000
-137.00 0.315000
-136.00 0.320000
-135.00 0.325000
-134.00 0.330000
-133.00 0.335000
-132.00 0.340000
-131.00 0.345000
-130.00 0.350000
-129.00 0.355000
-128.00 0.360000
-127.00 0.365000
-126.00 0.370000
-125.00 0.375000
-124.00 0.380000
-123.00 0.385000
-122.00 0.390000
-121.00 0.395000
-120.00 0.400000
-119.00 0.405000
-118.00 0.410000
-117.00 0.415000
-116.00 0.420000
-115.00 0.425000
-114.00 0.430000
-113.00 0.435000
-112.00 0.440000
-111.00 0.445000
-110.00 0.450000
-109.00 0.455000
-108.00 0.460000
-107.00 0.465000
-106.00 0.470000
-105.00 0.475000
-104.00 0.480000
-103.00 0.485000
-102.00 0.490000
-101.00 0.495000
-100.00 0.500000
-99.00 0.505000
-98.00 0.510000
-97.00 0.515000
-96.00 0.520000
-95.00 0.525000
-94.00 0.530000
-93.00 0.535000
-92.00 0.540000
-91.00 0.545000
-90.00 0.550000
-89.00 0.555000
-88.00 0.560000
-87.00 0.565000
-86.00 0.570000
-85.00 0.575000
-84.00 0.580000
-83.00 0.585000
-82.00 0.590000
-81.00 0.595000
-80.00 0.600000
-79.00 0.605000
-78.00 0.610000
-77.00 0.615000
-76.00 0.620000
-75.00 0.625000
-74.00 0.630000
-73.00 0.635000
-72.00 0.640000
-71.00 0.645000
-70.00 0.650000
-69.00 0.655000
-68.00 0.660000
-67.00 0.665000
-66.00 0.670000
-65.00 0.675000
-64.00 0.680000
-63.00 0.685000
-62.00 0.690000
-61.00 0.695000
-60.00 0.700000
-59.00 0.705000
-58.00 0.710000
-57.00 0.715000
-56.00 0.720000
-55.00 0.725000
-54.00 0.730000
-53.00 0.735000
-52.00 0.740000
-51.00 0.745000
-50.00 0.750000
-49.00 0.755000
-48.00 0.760000
-47.00 0.765000
-46.00 0.770000
-45.00 0.775000
-44.00 0.780000
-43.00 0.785000
-42.00 0.790000
-41.00 0.795000
-40.00 0.800000
-39.00 0.805000
-38.00 0.810000
-37.00 0.815000
-36.00 0.820000
-35.00 0.825000
-34.00 0.830000
-33.00 0.835000
-32.00 0.840000
-31.00 0.845000
-30.00 0.850000
-29.00 0.855000
-28.00 0.860000
-27.00 0.865000
-26.00 0.870000
-25.00 0.875000
-24.00 0.880000
-23.00 0.885000
-22.00 0.890000
-21.00 0.895000
-20.00 0.900000
-19.00 0.905000
-18.00 0.910000
-17.00 0.915000
-16.00 0.920000
-15.00 0.925000
-14.00 0.930000
-13.00 0.935000
-12.00 0.940000
-11.00 0.945000
-10.00 0.950000
-9.00 0.955000
-8.00 0.960000
-7.00 0.965000
-6.00 0.970000
-5.00 0.975000
-4.00 0.980000
-3.00 0.985000
-2.00 0.990000
-1.00 0.995000
0.00 1.000000
1.00 0.995000
2.00 0.990000
3.00 0.985000
4.00 0.980000
5.00 0.975000
6.00 0.970000
7.00 0.965000
8.00 0.960000
9.00 0.955000
10.00 0.950000
11.00 0.945000
12.00 0.940000
13.00 0.935000
14.00 0.930000
15.00 0.925000
16.00 0.920000
17.00 0.915000
18.00 0.910000
19.00 0.905000
20.00 0.900000
21.00 0.895000
22.00 0.890000
23.00 0.885000
24.00 0.880000
25.00 0.875000
26.00 0.870000
27.00 0.865000
28.00 0.860000
29.00 0.855000
30.00 0.850000
31.00 0.845000
32.00 0.840000
33.00 0.835000
34.00 0.830000
35.00 0.825000
36.00 0.820000
37.00 0.815000
38.00 0.810000
39.00 0.805000
40.00 0.800000
41.00 0.795000
42.00 0.790000
43.00 0.785000
44.00 0.780000
45.00 0.775000
46.00 0.770000
47.00 0.765000
48.00 0.760000
49.00 0.755000
50.00 0.750000
51.00 0.745000
52.00 0.740000
53.00 0.735000
54.00 0.730000
55.00 0.725000
56.00 0.720000
57.00 0.715000
58.00 0.710000
59.00 0.705000
60.00 0.700000
61.00 0.695000
62.00 0.690000
63.00 0.685000
64.00 0.680000
65.00 0.675000
66.00 0.670000
67.00 0.665000
68.00 0.660000
69.00 0.655000
70.00 0.650000
71.00 0.645000
72.00 0.640000
73.00 0.635000
74.00 0.630000
75.00 0.625000
76.00 0.620000
77.00 0.615000
78.00 0.610000
79.00 0.605000
80.00 0.600000
81.00 0.595000
82.00 0.590000
83.00 0.585000
84.00 0.580000
85.00 0.575000
86.00 0.570000
87.00 0.565000
88.00 0.560000
89.00 0.555000
90.00 0.550000
91.00 0.545000
92.00 0.540000
93.00 0.535000
94.00 0.530000
95.00 0.525000
96.00 0.520000
97.00 0.515000
98.00 0.510000
99.00 0.505000
100.00 0.500000
101.00 0.495000
102.00 0.490000
103.00 0.485000
104.00 0.480000
105.00 0.475000
106.00 0.470000
107.00 0.465000
108.00 0.460000
109.00 0.455000
110.00 0.450000
111.00 0.445000
112.00 0.440000
113.00 0.435000
114.00 0.430000
115.00 0.425000
116.00 0.420000
117.00 0.415000
118.00 0.410000
119.00 0.405000
120.00 0.400000
121.00 0.395000
122.00 0.390000
123.00 0.385000
124.00 0.380000
125.00 0.375000
126.00 0.370000
127.00 0.365000
128.00 0.360000
129.00 0.355000
130.00 0.350000
131.00 0.345000
132.00 0.340000
133.00 0.335000
134.00 0.330000
135.00 0.325000
136.00 0.320000
137.00 0.315000
138.00 0.310000
139.00 0.305000
140.00 0.300000
141.00 0.295000
142.00 0.290000
143.00 0.285000
144.00 0.280000
145.00 0.275000
146.00 0.270000
147.00 0.265000
148.00 0.260000
149.00 0.255000
150.00 0.250000
151.00 0.245000
152.00 0.240000
153.00 0.235000
154.00 0.230000
155.00 0.225000
156.00 0.220000
157.00 0.215000
158.00 0.210000
159.00 0.205000
160.00 0.200000
161.00 0.195000
162.00 0.190000
163.00 0.185000
164.00 0.180000
165.00 0.175000
166.00 0.170000
167.00 0.165000
168.00 0.160000
169.00 0.155000
170.00 0.150000
171.00 0.145000
172.00 0.140000
173.00 0.135000
174.00 0.130000
175.00 0.125000
176.00 0.120000
177.00 0.115000
178.00 0.110000
179.00 0.105000
180.00 0.100000
181.00 0.095000
182.00 0.090000
183.00 0.085000
184.00 0.080000
185.00 0.075000
186.00 0.070000
187.00 0.065000
188.00 0.060000
189.00 0.055000
190.00 0.050000
191.00 0.045000
192.00 0.040000
193.00 0.035000
194.00 0.030000
195.00 0.025000
196.00 0.020000
197.00 0.015000
198.00 0.010000
199.00 0.005000
200.00 0.000000
201.00 0.000000
202.00 0.000000
203.00 0.000000
204.00 0.000000
205.00 0.000000
206.00 0.000000
207.00 0.000000
208.00 0.000000
209.00 0.000000
210.00 0.000000
211.00 0.000000
212.00 0.000000
213.00 0.000000
214.00 0.000000
215.00 0.000000
216.00 0.000000
217.00 0.000000
218.00 0.000000
219.00 0.000000
220.00 0.000000
221.00 0.000000
222.00 0.000000
223.00 0.000000
224.00 0.000000
225.00 0.000000
226.00 0.000000
227.00 0.000000
228.00 0.000000
229.00 0.000000
230.00 0.000000
231.00 0.000000
232.00 0.000000
233.00 0.000000
234.00 0.000000
235.00 0.000000
236.00 0.000000
237.00 0.000000
238.00 0.000000
239.00 0.000000
240.00 0.000000
241.00 0.000000
242.00 0.000000
243.00 0.000000
244.00 0.000000
245.00 0.000000
246.00 0.000000
247.00 0.000000
248.00 0.000000
249.00 0.000000
250.00 0.000000
251.00 0.000000
252.00 0.000000
253.00 0.000000
254.00 0.000000
255.00 0.000000
256.00 0.000000
257.00 0.000000
258.00 0.000000
259.00 0.000000
260.00 0.000000
261.00 0.000000
262.00 0.000000
263.00 0.000000
264.00 0.000000
265.00 0.000000
266.00 0.000000
267.00 0.000000
268.00 0.000000
269.00 0.000000
270.00 0.000000
271.00 0.000000
272.00 0.000000
273.00 0.000000
274.00 0.000000
275.00 0.000000
276.00 0.000000
277.00 0.000000
278.00 0.000000
279.00 0.000000
280.00 0.000000
281.00 0.000000
282.00 0.000000
283.00 0.000000
284.00 0.000000
285.00 0.000000
286.00 0.000000
287.00 0.000000
288.00 0.000000
289.00 0.000000
290.00 0.000000
291.00 0.000000
292.00 0.000000
293.00 0.000000
294.00 0.000000
295.00 0.000000
296.00 0.000000
297.00 0.000000
298.00 0.000000
299.00 0.000000
300.00 0.000000
301.00 0.000000
302.00 0.000000
303.00 0.000000
304.00 0.000000
305.00 0.000000
306.00 0.000000
307.00 0.000000
308.00 0.000000
309.00 0.000000
310.00 0.000000
311.00 0.000000
312.00 0.000000
313.00 0.000000
314.00 0.000000
315.00 0.000000
316.00 0.000000
317.00 0.000000
318.00 0.000000
319.00 0.000000
320.00 0.000000
321.00 0.000000
322.00 0.000000
323.00 0.000000
324.00 0.000000
325.00 0.000000
326.00 0.000000
327.00 0.000000
328.00 0.000000
329.00 0.000000
330.00 0.000000
331.00 0.000000
332.00 0.000000
333.00 0.000000
334.00 0.000000
335.00 0.000000
336.00 0.000000
337.00 0.000000
338.00 0.000000
339.00 0.000000
340.00 0.000000
341.00 0.000000
342.00 0.000000
343.00 0.000000
344.00 0.000000
345.00 0.000000
346.00 0.000000
347.00 0.000000
348.00 0.000000
349.00 0.000000
350.00 0.000000
351.00 0.000000
352.00 0.000000
353.00 0.000000
354.00 0.000000
355.00 0.000000
356.00 0.000000
357.00 0.000000
358.00 0.000000
359.00 0.000000
360.00 0.000000
361.00 0.000000
362.00 0.000000
363.00 0.000000
364.00 0.000000
365.00 0.000000
366.00 0.000000
367.00 0.000000
368.00 0.000000
369.00 0.000000
370.00 0.000000
371.00 0.000000
372.00 0.000000
373.00 0.000000
374.00 0.000000
375.00 0.000000
376.00 0.000000
377.00 0.000000
378.00 0.000000
379.00 0.000000
380.00 0.000000
381.00 0.000000
382.00 0.000000
383.00 0.000000
384.00 0.000000
385.00 0.000000
386.00 0.000000
387.00 0.000000
388.00 0.000000
389.00 0.000000
390.00 0.000000
391.00 0.000000
392.00 0.000000
393.00 0.000000
394.00 0.000000
395.00 0.000000
396.00 0.000000
397.00 0.000000
398.00 0.000000
399.00 0.000000
400.00 0.000000
401.00 0.000000
402.00 0.000000
403.00 0.000000
404.00 0.000000
405.00 0.000000
406.00 0.000000
407.00 0.000000
408.00 0.000000
409.00 0.000000
410.00 0.000000
411.00 0.000000
412.00 0.000000
413.00 0.000000
414.00 0.000000
415.00 0.000000
416.00 0.000000
417.00 0.000000
418.00 0.000000
419.00 0.000000
420.00 0.000000
421.00 0.000000
422.00 0.000000
423.00 0.000000
424.00 0.000000
425.00 0.000000
426.00 0.000000
427.00 0.000000
428.00 0.000000
429.00 0.000000
430.00 0.000000
431.00 0.000000
432.00 0.000000
433.00 0.000000
434.00 0.000000
435.00 0.000000
436.00 0.000000
437.00 0.000000
438.00 0.000000
439.00 0.000000
440.00 0.000000
441.00 0.000000
442.00 0.000000
443.00 0.000000
444.00 0.000000
445.00 0.000000
446.00 0.000000
447.00 0.000000
448.00 0.000000
449.00 0.000000
450.00 0.000000
451.00 0.000000
452.00 0.000000
453.00 0.000000
454.00 0.000000
455.00 0.000000
456.00 0.000000
457.00 0.000000
458.00 0.000000
459.00 0.000000
460.00 0.000000
461.00 0.000000
462.00 0.000000
463.00 0.000000
464.00 0.000000
465.00 0.000000
466.00 0.000000
467.00 0.000000
468.00 0.000000
469.00 0.000000
470.00 0.000000
471.00 0.000000
472.00 0.000000
473.00 0.000000
474.00 0.000000
475.00 0.000000
476.00 0.000000
477.00 0.000000
478.00 0.000000
479.00 0.000000
480.00 0.000000
481.00 0.000000
482.00 0.000000
483.00 0.000000
484.00 0.000000
485.00 0.000000
486.00 0.000000
487.00 0.000000
488.00 0.000000
489.00 0.000000
490.00 0.000000
491.00 0.000000
492.00 0.000000
493.00 0.000000
494.00 0.000000
495.00 0.000000
496.00 0.000000
497.00 0.000000
498.00 0.000000
499.00 0.000000
500.00 0.000000
501.00 0.000000
502.00 0.000000
503.00 0.000000
504.00 0.000000
505.00 0.000000
506.00 0.000000
507.00 0.000000
508.00 0.000000
509.00 0.000000
510.00 0.000000
511.00 0.000000
512.00 0.000000
513.00 0.000000
514.00 0.000000
515.00 0.000000
516.00 0.000000
517.00 0.000000
518.00 0.000000
519.00 0.000000
520.00 0.000000
521.00 0.000000
522.00 0.000000
523.00 0.000000
524.00 0.000000
525.00 0.000000
526.00 0.000000
527.00 0.000000
528.00 0.000000
529.00 0.000000
530.00 0.000000
531.00 0.000000
532.00 0.000000
533.00 0.000000
534.00 0.000000
535.00 0.000000
536.00 0.000000
537.00 0.000000
538.00 0.000000
539.00 0.000000
540.00 0.000000
541.00 0.000000
542.00 0.000000
543.00 0.000000
544.00 0.000000
545.00 0.000000
546.00 0.000000
547.00 0.000000
548.00 0.000000
549.00 0.000000
550.00 0.000000
551.00 0.000000
552.00 0.000000
553.00 0.000000
554.00 0.000000
555.00 0.000000
556.00 0.000000
557.00 0.000000
558.00 0.000000
559.00 0.000000
560.00 0.000000
561.00 0.000000
562.00 0.000000
563.00 0.000000
564.00 0.000000
565.00 0.000000
566.00 0.000000
567.00 0.000000
568.00 0.000000
569.00 0.000000
570.00 0.000000
571.00 0.000000
572.00 0.000000
573.00 0.000000
574.00 0.000000
575.00 0.000000
576.00 0.000000
577.00 0.000000
578.00 0.000000
579.00 0.000000
580.00 0.000000
581.00 0.000000
582.00 0.000000
583.00 0.000000
584.00 0.000000
585.00 0.000000
586.00 0.000000
587.00 0.000000
588.00 0.000000
589.00 0.000000
590.00 0.000000
591.00 0.000000
592.00 0.000000
593.00 0.000000
594.00 0.000000
595.00 0.000000
596.00 0.000000
597.00 0.000000
598.00 0.000000
599.00 0.000000
600.00 0.000000
601.00 0.000000
602.00 0.000000
603.00 0.000000
604.00 0.000000
605.00 0.000000
606.00 0.000000
607.00 0.000000
608.00 0.000000
609.00 0.000000
610.00 0.000000
611.00 0.000000
612.00 0.000000
613.00 0.000000
614.00 0.000000
615.00 0.000000
616.00 0.000000
617.00 0.000000
618.00 0.000000
619.00 0.000000
620.00 0.000000
621.00 0.000000
622.00 0.000000
623.00 0.000000
624.00 0.000000
625.00 0.000000
626.00 0.000000
627.00 0.000000
628.00 0.000000
629.00 0.000000
630.00 0.000000
631.00 0.000000
632.00 0.000000
633.00 0.000000
634.00 0.000000
635.00 0.000000
636.00 0.000000
637.00 0.000000
638.00 0.000000
639.00 0.000000
640.00 0.000000
641.00 0.000000
642.00 0.000000
643.00 0.000000
644.00 0.000000
645.00 0.000000
646.00 0.000000
647.00 0.000000
648.00 0.000000
649.00 0.000000
650.00 0.000000
651.00 0.000000
652.00 0.000000
653.00 0.000000
654.00 0.000000
655.00 0.000000
656.00 0.000000
657.00 0.000000
658.00 0.000000
659.00 0.000000
660.00 0.000000
661.00 0.000000
662.00 0.000000
663.00 0.000000
664.00 0.000000
665.00 0.000000
666.00 0.000000
667.00 0.000000
668.00 0.000000
669.00 0.000000
670.00 0.000000
671.00 0.000000
672.00 0.000000
673.00 0.000000
674.00 0.000000
675.00 0.000000
676.00 0.000000
677.00 0.000000
678.00 0.000000
679.00 0.000000
680.00 0.000000
681.00 0.000000
682.00 0.000000
683.00 0.000000
684.00 0.000000
685.00 0.000000
686.00 0.000000
687.00 0.000000
688.00 0.000000
689.00 0.000000
690.00 0.000000
691.00 0.000000
692.00 0.000000
693.00 0.000000
694.00 0.000000
695.00 0.000000
696.00 0.000000
697.00 0.000000
698.00 0.000000
699.00 0.000000
700.00 0.000000
701.00 0.000000
702.00 0.000000
703.00 0.000000
704.00 0.000000
705.00 0.000000
706.00 0.000000
707.00 0.000000
708.00 0.000000
709.00 0.000000
710.00 0.000000
711.00 0.000000
712.00 0.000000
713.00 0.000000
714.00 0.000000
715.00 0.000000
716.00 0.000000
717.00 0.000000
718.00 0.000000
719.00 0.000000
720.00 0.000000
721.00 0.000000
722.00 0.000000
723.00 0.000000
724.00 0.000000
725.00 0.000000
726.00 0.000000
727.00 0.000000
728.00 0.000000
729.00 0.000000
730.00 0.000000
731.00 0.000000
732.00 0.000000
733.00 0.000000
734.00 0.000000
735.00 0.000000
736.00 0.000000
737.00 0.000000
738.00 0.000000
739.00 0.000000
740.00 0.000000
741.00 0.000000
742.00 0.000000
743.00 0.000000
744.00 0.000000
745.00 0.000000
746.00 0.000000
747.00 0.000000
748.00 0.000000
749.00 0.000000
750.00 0.000000
751.00 0.000000
752.00 0.000000
753.00 0.000000
754.00 0.000000
755.00 0.000000
756.00 0.000000
757.00 0.000000
758.00 0.000000
759.00 0.000000
760.00 0.000000
761.00 0.000000
762.00 0.000000
763.00 0.000000
764.00 0.000000
765.00 0.000000
766.00 0.000000
767.00 0.000000
768.00 0.000000
769.00 0.000000
770.00 0.000000
771.00 0.000000
772.00 0.000000
773.00 0.000000
774.00 0.000000
775.00 0.000000
776.00 0.000000
777.00 0.000000
778.00 0.000000
779.00 0.000000
780.00 0.000000
781.00 0.000000
782.00 0.000000
783.00 0.000000
784.00 0.000000
785.00 0.000000
786.00 0.000000
787.00 0.000000
788.00 0.000000
789.00 0.000000
790.00 0.000000
791.00 0.000000
792.00 0.000000
793.00 0.000000
794.00 0.000000
795.00 0.000000
796.00 0.000000
797.00 0.000000
798.00 0.000000
799.00 0.000000
800.00 0.000000
