0.000000 -180.000000 1.000000 0.000000 -1.000000 0.000000
0.050050 -178.174548 1.000000 0.050050 -0.987664 0.156590
0.100100 -176.350021 1.000000 0.100100 -0.950959 0.309316
0.150150 -174.527344 1.000000 0.150150 -0.890792 0.454411
0.200200 -172.707433 1.000000 0.200200 -0.808647 0.588294
0.250250 -170.891199 1.000000 0.250250 -0.706551 0.707662
0.300300 -169.079539 1.000000 0.300300 -0.587022 0.809571
0.350350 -167.273337 1.000000 0.350350 -0.453010 0.891506
0.400400 -165.473463 1.000000 0.400400 -0.307820 0.951444
0.450450 -163.680765 1.000000 0.450450 -0.155037 0.987909
0.500501 -161.896073 1.000000 0.500501 0.001572 0.999999
0.550551 -160.120193 1.000000 0.550551 0.158143 0.987416
0.600601 -158.353907 1.000000 0.600601 0.310811 0.950472
0.650651 -156.597968 1.000000 0.650651 0.455811 0.890077
0.700701 -154.853104 1.000000 0.700701 0.589565 0.807721
0.750751 -153.120010 1.000000 0.750751 0.708773 0.705437
0.800801 -151.399354 1.000000 0.800801 0.810493 0.585748
0.850851 -149.691767 1.000000 0.850851 0.892217 0.451607
0.900901 -147.997853 1.000000 0.900901 0.951927 0.306324
0.950951 -146.318178 1.000000 0.950951 0.988151 0.153483
1.001001 -144.653276 1.000000 1.001001 0.999995 -0.003145
1.051051 -143.003646 1.000000 1.051051 0.987166 -0.159695
1.101101 -141.369754 1.000000 1.101101 0.949982 -0.312305
1.151151 -139.752029 1.000000 1.151151 0.889359 -0.457210
1.201201 -138.150869 1.000000 1.201201 0.806793 -0.590834
1.251251 -136.566635 1.000000 1.251251 0.704322 -0.709881
1.301301 -134.999657 1.000000 1.301301 0.584473 -0.811413
1.351351 -133.450230 1.000000 1.351351 0.450204 -0.892926
1.401401 -131.918619 1.000000 1.401401 0.304827 -0.952408
1.451451 -130.405054 1.000000 1.451451 0.151929 -0.988391
1.501502 -128.909739 1.000000 1.501502 -0.004717 -0.999989
1.551552 -127.432845 1.000000 1.551552 -0.161247 -0.986914
1.601602 -125.974515 1.000000 1.601602 -0.313798 -0.949490
1.651652 -124.534864 1.000000 1.651652 -0.458608 -0.888639
1.701702 -123.113983 1.000000 1.701702 -0.592102 -0.805863
1.751752 -121.711934 1.000000 1.751752 -0.710987 -0.703205
1.801802 -120.328757 1.000000 1.801802 -0.812331 -0.583196
1.851852 -118.964468 1.000000 1.851852 -0.893633 -0.448799
1.901902 -117.619063 1.000000 1.901902 -0.952886 -0.303329
1.951952 -116.292515 1.000000 1.951952 -0.988629 -0.150375
2.002002 -114.984778 1.000000 2.002002 -0.999980 0.006289
2.052052 -113.695788 1.000000 2.052052 -0.986659 0.162799
2.102102 -112.425465 1.000000 2.102102 -0.948995 0.315291
2.152152 -111.173712 1.000000 2.152152 -0.887917 0.460004
2.202202 -109.940415 1.000000 2.202202 -0.804931 0.593368
2.252252 -108.725451 1.000000 2.252252 -0.702086 0.712092
2.302302 -107.528679 1.000000 2.302302 -0.581918 0.813247
2.352352 -106.349950 1.000000 2.352352 -0.447394 0.894337
2.402402 -105.189102 1.000000 2.402402 -0.301830 0.953362
2.452452 -104.045965 1.000000 2.452452 -0.148820 0.988864
2.502503 -102.920359 1.000000 2.502503 0.007862 0.999969
2.552553 -101.812095 1.000000 2.552553 0.164350 0.986402
2.602603 -100.720979 1.000000 2.602603 0.316783 0.948498
2.652653 -99.646809 1.000000 2.652653 0.461400 0.887192
2.702703 -98.589377 1.000000 2.702703 0.594633 0.803997
2.752753 -97.548472 1.000000 2.752753 0.713195 0.700965
2.802803 -96.523877 1.000000 2.802803 0.814161 0.580639
2.852853 -95.515371 1.000000 2.852853 0.895040 0.445987
2.902903 -94.522731 1.000000 2.902903 0.953835 0.300331
2.952953 -93.545731 1.000000 2.952953 0.989097 0.147265
3.003003 -92.584143 1.000000 3.003003 0.999955 -0.009434
3.053053 -91.637737 1.000000 3.053053 0.986142 -0.165900
3.103103 -90.706283 1.000000 3.103103 0.947999 -0.318274
3.153153 -89.789549 1.000000 3.153153 0.886466 -0.462794
3.203203 -88.887304 1.000000 3.203203 0.803061 -0.595897
3.253253 -87.999317 1.000000 3.253253 0.699843 -0.714297
3.303303 -87.125355 1.000000 3.303303 0.579358 -0.815073
3.353353 -86.265189 1.000000 3.353353 0.444579 -0.895740
3.403403 -85.418589 1.000000 3.403403 0.298831 -0.954306
3.453453 -84.585328 1.000000 3.453453 0.145710 -0.989327
3.503504 -83.765177 1.000000 3.503504 -0.011006 -0.999939
3.553554 -82.957913 1.000000 3.553554 -0.167451 -0.985880
3.603604 -82.163313 1.000000 3.603604 -0.319764 -0.947497
3.653654 -81.381155 1.000000 3.653654 -0.464188 -0.885737
3.703704 -80.611220 1.000000 3.703704 -0.597159 -0.802123
3.753754 -79.853292 1.000000 3.753754 -0.715396 -0.698719
3.803804 -79.107158 1.000000 3.803804 -0.815983 -0.578076
3.853854 -78.372605 1.000000 3.853854 -0.896438 -0.443170
3.903904 -77.649426 1.000000 3.903904 -0.954775 -0.297330
3.953954 -76.937414 1.000000 3.953954 -0.989555 -0.144154
4.004004 -76.236367 1.000000 4.004004 -0.999921 0.012579
4.054054 -75.546084 1.000000 4.054054 -0.985616 0.169001
4.104104 -74.866369 1.000000 4.104104 -0.946993 0.321253
4.154154 -74.197026 1.000000 4.154154 -0.885006 0.465580
4.204204 -73.537866 1.000000 4.204204 -0.801183 0.598419
4.254254 -72.888701 1.000000 4.254254 -0.697593 0.716494
4.304304 -72.249344 1.000000 4.304304 -0.576792 0.816891
4.354354 -71.619616 1.000000 4.354354 -0.441760 0.897133
4.404404 -70.999337 1.000000 4.404404 -0.295828 0.955241
4.454454 -70.388331 1.000000 4.454454 -0.142598 0.989781
4.504505 -69.786426 1.000000 4.504505 0.014151 0.999900
4.554555 -69.193452 1.000000 4.554555 0.170550 0.985349
4.604605 -68.609245 1.000000 4.604605 0.322742 0.946487
4.654655 -68.033639 1.000000 4.654655 0.466971 0.884273
4.704705 -67.466475 1.000000 4.704705 0.599678 0.800241
4.754755 -66.907596 1.000000 4.754755 0.717590 0.696466
4.804805 -66.356848 1.000000 4.804805 0.817797 0.575507
4.854855 -65.814079 1.000000 4.854855 0.897827 0.440349
4.904905 -65.279141 1.000000 4.904905 0.955705 0.294326
4.954955 -64.751889 1.000000 4.954955 0.990004 0.141041
5.005005 -64.232180 1.000000 5.005005 0.999876 -0.015723
5.055055 -63.719874 1.000000 5.055055 0.985080 -0.172099
5.105105 -63.214834 1.000000 5.105105 0.945978 -0.324230
5.155155 -62.716926 1.000000 5.155155 0.883537 -0.468361
5.205205 -62.226018 1.000000 5.205205 0.799297 -0.600936
5.255255 -61.741981 1.000000 5.255255 0.695337 -0.718684
5.305305 -61.264690 1.000000 5.305305 0.574220 -0.818701
5.355355 -60.794020 1.000000 5.355355 0.438936 -0.898518
5.405405 -60.329849 1.000000 5.405405 0.292823 -0.956167
5.455455 -59.872060 1.000000 5.455455 0.139485 -0.990224
5.505506 -59.420536 1.000000 5.505506 -0.017295 -0.999850
5.555556 -58.975162 1.000000 5.555556 -0.173648 -0.984808
5.605606 -58.535827 1.000000 5.605606 -0.325717 -0.945467
5.655656 -58.102422 1.000000 5.655656 -0.469749 -0.882800
5.705706 -57.674840 1.000000 5.705706 -0.602192 -0.798352
5.755756 -57.252976 1.000000 5.755756 -0.719777 -0.694206
5.805806 -56.836726 1.000000 5.805806 -0.819603 -0.572932
5.855856 -56.425991 1.000000 5.855856 -0.899207 -0.437523
5.905906 -56.020673 1.000000 5.905906 -0.956626 -0.291319
5.955956 -55.620673 1.000000 5.955956 -0.990442 -0.137927
6.006006 -55.225899 1.000000 6.006006 -0.999822 0.018867
6.056056 -54.836257 1.000000 6.056056 -0.984533 0.175196
6.106106 -54.451656 1.000000 6.106106 -0.944954 0.327203
6.156156 -54.072009 1.000000 6.156156 -0.882060 0.471137
6.206206 -53.697229 1.000000 6.206206 -0.797404 0.603446
