1.00 10049.8756
1.01 9951.3620
1.02 9854.7896
1.03 9760.1020
1.04 9667.2448
1.05 9576.1656
1.06 9486.8142
1.07 9399.1421
1.08 9313.1027
1.09 9228.6510
1.10 9145.7437
1.11 9064.3391
1.12 8984.3969
1.13 8905.8783
1.14 8828.7458
1.15 8752.9633
1.16 8678.4958
1.17 8605.3097
1.18 8533.3723
1.19 8462.6522
1.20 8393.1189
1.21 8324.7430
1.22 8257.4960
1.23 8191.3504
1.24 8126.2796
1.25 8062.2577
1.26 7999.2599
1.27 7937.2617
1.28 7876.2400
1.29 7816.1719
1.30 7757.0354
1.31 7698.8092
1.32 7641.4726
1.33 7585.0055
1.34 7529.3885
1.35 7474.6026
1.36 7420.6296
1.37 7367.4516
1.38 7315.0514
1.39 7263.4121
1.40 7212.5175
1.41 7162.3516
1.42 7112.8992
1.43 7064.1452
1.44 7016.0750
1.45 6968.6746
1.46 6921.9301
1.47 6875.8283
1.48 6830.3559
1.49 6785.5004
1.50 6741.2495
1.51 6697.5910
1.52 6654.5134
1.53 6612.0052
1.54 6570.0553
1.55 6528.6529
1.56 6487.7875
1.57 6447.4489
1.58 6407.6269
1.59 6368.3120
1.60 6329.4945
1.61 6291.1651
1.62 6253.3149
1.63 6215.9351
1.64 6179.0169
1.65 6142.5521
1.66 6106.5323
1.67 6070.9497
1.68 6035.7965
1.69 6001.0649
1.70 5966.7475
1.71 5932.8372
1.72 5899.3267
1.73 5866.2091
1.74 5833.4777
1.75 5801.1259
1.76 5769.1471
1.77 5737.5350
1.78 5706.2835
1.79 5675.3865
1.80 5644.8381
1.81 5614.6326
1.82 5584.7642
1.83 5555.2274
1.84 5526.0168
1.85 5497.1272
1.86 5468.5533
1.87 5440.2902
1.88 5412.3327
1.89 5384.6761
1.90 5357.3157
1.91 5330.2466
1.92 5303.4645
1.93 5276.9649
1.94 5250.7433
1.95 5224.7955
1.96 5199.1173
1.97 5173.7046
1.98 5148.5533
1.99 5123.6596
2.00 5099.0195
2.01 5074.6293
2.02 5050.4852
2.03 5026.5837
2.04 5002.9211
2.05 4979.4939
2.06 4956.2988
2.07 4933.3323
2.08 4910.5911
2.09 4888.0721
2.10 4865.7720
2.11 4843.6877
2.12 4821.8162
2.13 4800.1544
2.14 4778.6994
2.15 4757.4484
2.16 4736.3985
2.17 4715.5469
2.18 4694.8908
2.19 4674.4277
2.20 4654.1548
2.21 4634.0696
2.22 4614.1696
2.23 4594.4522
2.24 4574.9150
2.25 4555.5556
2.26 4536.3716
2.27 4517.3607
2.28 4498.5207
2.29 4479.8492
2.30 4461.3442
2.31 4443.0033
2.32 4424.8246
2.33 4406.8058
2.34 4388.9451
2.35 4371.2402
2.36 4353.6893
2.37 4336.2904
2.38 4319.0416
2.39 4301.9410
2.40 4284.9867
2.41 4268.1769
2.42 4251.5099
2.43 4234.9838
2.44 4218.5969
2.45 4202.3476
2.46 4186.2340
2.47 4170.2547
2.48 4154.4079
2.49 4138.6921
2.50 4123.1056
2.51 4107.6470
2.52 4092.3147
2.53 4077.1072
2.54 4062.0230
2.55 4047.0607
2.56 4032.2189
2.57 4017.4961
2.58 4002.8909
2.59 3988.4020
2.60 3974.0281
2.61 3959.7678
2.62 3945.6198
2.63 3931.5828
2.64 3917.6556
2.65 3903.8370
2.66 3890.1256
2.67 3876.5203
2.68 3863.0199
2.69 3849.6232
2.70 3836.3291
2.71 3823.1365
2.72 3810.0441
2.73 3797.0509
2.74 3784.1559
2.75 3771.3579
2.76 3758.6559
2.77 3746.0488
2.78 3733.5357
2.79 3721.1155
2.80 3708.7871
2.81 3696.5497
2.82 3684.4023
2.83 3672.3438
2.84 3660.3734
2.85 3648.4902
2.86 3636.6931
2.87 3624.9813
2.88 3613.3540
2.89 3601.8102
2.90 3590.3491
2.91 3578.9697
2.92 3567.6714
2.93 3556.4532
2.94 3545.3143
2.95 3534.2539
2.96 3523.2713
2.97 3512.3655
2.98 3501.5360
2.99 3490.7817
3.00 3480.1022
3.01 3469.4965
3.02 3458.9639
3.03 3448.5038
3.04 3438.1153
3.05 3427.7979
3.06 3417.5507
3.07 3407.3732
3.08 3397.2646
3.09 3387.2242
3.10 3377.2514
3.11 3367.3456
3.12 3357.5060
3.13 3347.7321
3.14 3338.0233
3.15 3328.3788
3.16 3318.7981
3.17 3309.2806
3.18 3299.8257
3.19 3290.4327
3.20 3281.1012
3.21 3271.8305
3.22 3262.6201
3.23 3253.4693
3.24 3244.3777
3.25 3235.3447
3.26 3226.3698
3.27 3217.4524
3.28 3208.5920
3.29 3199.7880
3.30 3191.0400
3.31 3182.3475
3.32 3173.7099
3.33 3165.1267
3.34 3156.5975
3.35 3148.1217
3.36 3139.6990
3.37 3131.3287
3.38 3123.0106
3.39 3114.7439
3.40 3106.5285
3.41 3098.3636
3.42 3090.2491
3.43 3082.1843
3.44 3074.1688
3.45 3066.2023
3.46 3058.2842
3.47 3050.4142
3.48 3042.5919
3.49 3034.8168
3.50 3027.0886
3.51 3019.4068
3.52 3011.7710
3.53 3004.1808
3.54 2996.6359
3.55 2989.1359
3.56 2981.6804
3.57 2974.2689
3.58 2966.9013
3.59 2959.5769
3.60 2952.2956
3.61 2945.0569
3.62 2937.8606
3.63 2930.7061
3.64 2923.5933
3.65 2916.5217
3.66 2909.4910
3.67 2902.5009
3.68 2895.5510
3.69 2888.6410
3.70 2881.7706
3.71 2874.9395
3.72 2868.1473
3.73 2861.3937
3.74 2854.6785
3.75 2848.0012
3.76 2841.3617
3.77 2834.7596
3.78 2828.1945
3.79 2821.6663
3.80 2815.1746
3.81 2808.7190
3.82 2802.2995
3.83 2795.9155
3.84 2789.5670
3.85 2783.2535
3.86 2776.9749
3.87 2770.7308
3.88 2764.5210
3.89 2758.3452
3.90 2752.2031
3.91 2746.0945
3.92 2740.0192
3.93 2733.9768
3.94 2727.9671
3.95 2721.9900
3.96 2716.0450
3.97 2710.1320
3.98 2704.2507
3.99 2698.4009
4.00 2692.5824
4.01 2686.7949
4.02 2681.0382
4.03 2675.3120
4.04 2669.6161
4.05 2663.9504
4.06 2658.3145
4.07 2652.7083
4.08 2647.1314
4.09 2641.5838
4.10 2636.0652
4.11 2630.5754
4.12 2625.1142
4.13 2619.6813
4.14 2614.2765
4.15 2608.8998
4.16 2603.5507
4.17 2598.2292
4.18 2592.9351
4.19 2587.6680
4.20 2582.4280
4.21 2577.2147
4.22 2572.0279
4.23 2566.8675
4.24 2561.7333
4.25 2556.6252
4.26 2551.5428
4.27 2546.4860
4.28 2541.4547
4.29 2536.4487
4.30 2531.4677
4.31 2526.5117
4.32 2521.5804
4.33 2516.6736
4.34 2511.7913
4.35 2506.9332
4.36 2502.0991
4.37 2497.2889
4.38 2492.5025
4.39 2487.7396
4.40 2483.0001
4.41 2478.2838
4.42 2473.5906
4.43 2468.9203
4.44 2464.2728
4.45 2459.6478
4.46 2455.0454
4.47 2450.4652
4.48 2445.9071
4.49 2441.3711
4.50 2436.8569
4.51 2432.3644
4.52 2427.8935
4.53 2423.4440
4.54 2419.0157
4.55 2414.6086
4.56 2410.2224
4.57 2405.8571
4.58 2401.5125
4.59 2397.1885
4.60 2392.8849
4.61 2388.6015
4.62 2384.3384
4.63 2380.0953
4.64 2375.8721
4.65 2371.6686
4.66 2367.4848
4.67 2363.3205
4.68 2359.1756
4.69 2355.0500
4.70 2350.9435
4.71 2346.8560
4.72 2342.7874
4.73 2338.7375
4.74 2334.7063
4.75 2330.6937
4.76 2326.6994
4.77 2322.7234
4.78 2318.7656
4.79 2314.8259
4.80 2310.9041
4.81 2307.0001
4.82 2303.1139
4.83 2299.2453
4.84 2295.3941
4.85 2291.5603
4.86 2287.7439
4.87 2283.9445
4.88 2280.1623
4.89 2276.3970
4.90 2272.6485
4.91 2268.9168
4.92 2265.2017
4.93 2261.5032
4.94 2257.8211
4.95 2254.1553
4.96 2250.5058
4.97 2246.8724
4.98 2243.2550
4.99 2239.6536
5.00 2236.0680
5.01 2232.4981
5.02 2228.9439
5.03 2225.4053
5.04 2221.8821
5.05 2218.3742
5.06 2214.8817
5.07 2211.4043
5.08 2207.9420
5.09 2204.4947
5.10 2201.0623
5.11 2197.6447
5.12 2194.2418
5.13 2190.8536
5.14 2187.4800
5.15 2184.1208
5.16 2180.7760
5.17 2177.4455
5.18 2174.1292
5.19 2170.8270
5.20 2167.5389
5.21 2164.2647
5.22 2161.0045
5.23 2157.7580
5.24 2154.5252
5.25 2151.3061
5.26 2148.1005
5.27 2144.9085
5.28 2141.7298
5.29 2138.5644
5.30 2135.4123
5.31 2132.2734
5.32 2129.1475
5.33 2126.0347
5.34 2122.9349
5.35 2119.8479
5.36 2116.7736
5.37 2113.7122
5.38 2110.6633
5.39 2107.6271
5.40 2104.6034
5.41 2101.5921
5.42 2098.5931
5.43 2095.6065
5.44 2092.6321
5.45 2089.6698
5.46 2086.7197
5.47 2083.7815
5.48 2080.8553
5.49 2077.9411
5.50 2075.0386
5.51 2072.1479
5.52 2069.2688
5.53 2066.4014
5.54 2063.5456
5.55 2060.7013
5.56 2057.8684
5.57 2055.0468
5.58 2052.2366
5.59 2049.4376
5.60 2046.6498
5.61 2043.8732
5.62 2041.1075
5.63 2038.3529
5.64 2035.6093
5.65 2032.8765
5.66 2030.1545
5.67 2027.4433
5.68 2024.7428
5.69 2022.0530
5.70 2019.3737
5.71 2016.7050
5.72 2014.0467
5.73 2011.3989
5.74 2008.7614
5.75 2006.1343
5.76 2003.5174
5.77 2000.9106
5.78 1998.3141
5.79 1995.7276
5.80 1993.1512
5.81 1990.5847
5.82 1988.0282
5.83 1985.4816
5.84 1982.9447
5.85 1980.4177
5.86 1977.9004
5.87 1975.3927
5.88 1972.8947
5.89 1970.4062
5.90 1967.9273
5.91 1965.4578
5.92 1962.9977
5.93 1960.5471
5.94 1958.1057
5.95 1955.6736
5.96 1953.2508
5.97 1950.8371
5.98 1948.4325
5.99 1946.0371
6.00 1943.6506
6.01 1941.2732
6.02 1938.9047
6.03 1936.5451
6.04 1934.1944
6.05 1931.8524
6.06 1929.5193
6.07 1927.1948
6.08 1924.8790
6.09 1922.5719
6.10 1920.2733
6.11 1917.9833
6.12 1915.7018
6.13 1913.4287
6.14 1911.1641
6.15 1908.9078
6.16 1906.6598
6.17 1904.4202
6.18 1902.1887
6.19 1899.9655
6.20 1897.7505
6.21 1895.5435
6.22 1893.3447
6.23 1891.1539
6.24 1888.9711
6.25 1886.7962
6.26 1884.6293
6.27 1882.4703
6.28 1880.3191
6.29 1878.1757
6.30 1876.0401
6.31 1873.9122
6.32 1871.7920
6.33 1869.6794
6.34 1867.5745
6.35 1865.4771
6.36 1863.3873
6.37 1861.3050
6.38 1859.2302
6.39 1857.1628
6.40 1855.1028
6.41 1853.0501
6.42 1851.0048
6.43 1848.9667
6.44 1846.9360
6.45 1844.9124
6.46 1842.8960
6.47 1840.8868
6.48 1838.8846
6.49 1836.8896
6.50 1834.9016
6.51 1832.9206
6.52 1830.9466
6.53 1828.9796
6.54 1827.0194
6.55 1825.0662
6.56 1823.1197
6.57 1821.1801
6.58 1819.2473
6.59 1817.3213
6.60 1815.4019
6.61 1813.4893
6.62 1811.5832
6.63 1809.6839
6.64 1807.7911
6.65 1805.9049
6.66 1804.0252
6.67 1802.1520
6.68 1800.2852
6.69 1798.4250
6.70 1796.5711
6.71 1794.7236
6.72 1792.8824
6.73 1791.0476
6.74 1789.2191
6.75 1787.3968
6.76 1785.5808
6.77 1783.7710
6.78 1781.9673
6.79 1780.1698
6.80 1778.3784
6.81 1776.5931
6.82 1774.8139
6.83 1773.0407
6.84 1771.2735
6.85 1769.5123
6.86 1767.7570
6.87 1766.0077
6.88 1764.2643
6.89 1762.5267
6.90 1760.7950
6.91 1759.0691
6.92 1757.3490
6.93 1755.6347
6.94 1753.9261
6.95 1752.2232
6.96 1750.5260
6.97 1748.8345
6.98 1747.1486
6.99 1745.4683
7.00 1743.7937
7.01 1742.1245
7.02 1740.4609
7.03 1738.8029
7.04 1737.1503
7.05 1735.5032
7.06 1733.8615
7.07 1732.2252
7.08 1730.5943
7.09 1728.9688
7.10 1727.3487
7.11 1725.7338
7.12 1724.1243
7.13 1722.5200
7.14 1720.9210
7.15 1719.3272
7.16 1717.7386
7.17 1716.1551
7.18 1714.5769
7.19 1713.0038
7.20 1711.4358
7.21 1709.8728
7.22 1708.3150
7.23 1706.7622
7.24 1705.2144
7.25 1703.6716
7.26 1702.1338
7.27 1700.6010
7.28 1699.0731
7.29 1697.5501
7.30 1696.0320
7.31 1694.5188
7.32 1693.0105
7.33 1691.5069
7.34 1690.0082
7.35 1688.5143
7.36 1687.0252
7.37 1685.5408
7.38 1684.0611
7.39 1682.5861
7.40 1681.1158
7.41 1679.6502
7.42 1678.1893
7.43 1676.7330
7.44 1675.2812
7.45 1673.8341
7.46 1672.3916
7.47 1670.9536
7.48 1669.5201
7.49 1668.0911
7.50 1666.6667
7.51 1665.2467
7.52 1663.8311
7.53 1662.4201
7.54 1661.0134
7.55 1659.6111
7.56 1658.2132
7.57 1656.8197
7.58 1655.4305
7.59 1654.0456
7.60 1652.6651
7.61 1651.2888
7.62 1649.9169
7.63 1648.5491
7.64 1647.1857
7.65 1645.8264
7.66 1644.4713
7.67 1643.1204
7.68 1641.7737
7.69 1640.4312
7.70 1639.0928
7.71 1637.7584
7.72 1636.4282
7.73 1635.1021
7.74 1633.7801
7.75 1632.4621
7.76 1631.1481
7.77 1629.8381
7.78 1628.5322
7.79 1627.2302
7.80 1625.9322
7.81 1624.6381
7.82 1623.3480
7.83 1622.0618
7.84 1620.7795
7.85 1619.5011
7.86 1618.2266
7.87 1616.9559
7.88 1615.6891
7.89 1614.4261
7.90 1613.1669
7.91 1611.9115
7.92 1610.6598
7.93 1609.4120
7.94 1608.1678
7.95 1606.9275
7.96 1605.6908
7.97 1604.4579
7.98 1603.2286
7.99 1602.0030
8.00 1600.7811
8.01 1599.5628
8.02 1598.3481
8.03 1597.1371
8.04 1595.9296
8.05 1594.7258
8.06 1593.5255
8.07 1592.3288
8.08 1591.1356
8.09 1589.9460
8.10 1588.7599
8.11 1587.5772
8.12 1586.3981
8.13 1585.2225
8.14 1584.0503
8.15 1582.8815
8.16 1581.7162
8.17 1580.5543
8.18 1579.3959
8.19 1578.2408
8.20 1577.0891
8.21 1575.9408
8.22 1574.7958
8.23 1573.6542
8.24 1572.5159
8.25 1571.3809
8.26 1570.2492
8.27 1569.1208
8.28 1567.9957
8.29 1566.8738
8.30 1565.7552
8.31 1564.6399
8.32 1563.5278
8.33 1562.4189
8.34 1561.3132
8.35 1560.2106
8.36 1559.1113
8.37 1558.0151
8.38 1556.9221
8.39 1555.8322
8.40 1554.7455
8.41 1553.6619
8.42 1552.5814
8.43 1551.5039
8.44 1550.4296
8.45 1549.3583
8.46 1548.2901
8.47 1547.2249
8.48 1546.1628
8.49 1545.1037
8.50 1544.0476
8.51 1542.9945
8.52 1541.9444
8.53 1540.8973
8.54 1539.8532
8.55 1538.8120
8.56 1537.7737
8.57 1536.7384
8.58 1535.7060
8.59 1534.6765
8.60 1533.6500
8.61 1532.6263
8.62 1531.6055
8.63 1530.5875
8.64 1529.5725
8.65 1528.5602
8.66 1527.5508
8.67 1526.5443
8.68 1525.5405
8.69 1524.5396
8.70 1523.5414
8.71 1522.5461
8.72 1521.5535
8.73 1520.5637
8.74 1519.5766
8.75 1518.5923
8.76 1517.6107
8.77 1516.6318
8.78 1515.6556
8.79 1514.6822
8.80 1513.7114
8.81 1512.7434
8.82 1511.7780
8.83 1510.8152
8.84 1509.8552
8.85 1508.8977
8.86 1507.9429
8.87 1506.9907
8.88 1506.0412
8.89 1505.0942
8.90 1504.1499
8.91 1503.2081
8.92 1502.2689
8.93 1501.3323
8.94 1500.3982
8.95 1499.4667
8.96 1498.5378
8.97 1497.6113
8.98 1496.6874
8.99 1495.7660
9.00 1494.8471
9.01 1493.9307
9.02 1493.0168
9.03 1492.1054
9.04 1491.1964
9.05 1490.2899
9.06 1489.3858
9.07 1488.4842
9.08 1487.5850
9.09 1486.6883
9.10 1485.7939
9.11 1484.9020
9.12 1484.0125
9.13 1483.1253
9.14 1482.2406
9.15 1481.3582
9.16 1480.4782
9.17 1479.6005
9.18 1478.7252
9.19 1477.8522
9.20 1476.9815
9.21 1476.1132
9.22 1475.2472
9.23 1474.3835
9.24 1473.5221
9.25 1472.6630
9.26 1471.8062
9.27 1470.9516
9.28 1470.0993
9.29 1469.2493
9.30 1468.4015
9.31 1467.5560
9.32 1466.7127
9.33 1465.8716
9.34 1465.0328
9.35 1464.1961
9.36 1463.3617
9.37 1462.5294
9.38 1461.6994
9.39 1460.8715
9.40 1460.0458
9.41 1459.2223
9.42 1458.4009
9.43 1457.5817
9.44 1456.7646
9.45 1455.9497
9.46 1455.1369
9.47 1454.3262
9.48 1453.5176
9.49 1452.7111
9.50 1451.9068
9.51 1451.1045
9.52 1450.3043
9.53 1449.5062
9.54 1448.7101
9.55 1447.9161
9.56 1447.1242
9.57 1446.3343
9.58 1445.5465
9.59 1444.7607
9.60 1443.9770
9.61 1443.1952
9.62 1442.4155
9.63 1441.6378
9.64 1440.8620
9.65 1440.0883
9.66 1439.3166
9.67 1438.5468
9.68 1437.7790
9.69 1437.0132
9.70 1436.2494
9.71 1435.4875
9.72 1434.7275
9.73 1433.9695
9.74 1433.2134
9.75 1432.4593
9.76 1431.7070
9.77 1430.9567
9.78 1430.2083
9.79 1429.4618
9.80 1428.7172
9.81 1427.9745
9.82 1427.2336
9.83 1426.4947
9.84 1425.7576
9.85 1425.0224
9.86 1424.2890
9.87 1423.5575
9.88 1422.8278
9.89 1422.1000
9.90 1421.3740
9.91 1420.6498
9.92 1419.9275
9.93 1419.2070
9.94 1418.4882
9.95 1417.7713
9.96 1417.0562
9.97 1416.3429
9.98 1415.6313
9.99 1414.9216
10.00 1414.2136
10.01 1413.5073
10.02 1412.8029
10.03 1412.1002
10.04 1411.3992
10.05 1410.7000
10.06 1410.0025
10.07 1409.3068
10.08 1408.6128
10.09 1407.9205
10.10 1407.2299
10.11 1406.5411
10.12 1405.8539
10.13 1405.1684
10.14 1404.4847
10.15 1403.8026
10.16 1403.1222
10.17 1402.4435
10.18 1401.7665
10.19 1401.0911
10.20 1400.4174
10.21 1399.7453
10.22 1399.0749
10.23 1398.4061
10.24 1397.7390
10.25 1397.0735
10.26 1396.4097
10.27 1395.7474
10.28 1395.0868
10.29 1394.4278
10.30 1393.7704
10.31 1393.1146
10.32 1392.4604
10.33 1391.8078
10.34 1391.1568
10.35 1390.5074
10.36 1389.8595
10.37 1389.2132
10.38 1388.5685
10.39 1387.9253
10.40 1387.2838
10.41 1386.6437
10.42 1386.0052
10.43 1385.3683
10.44 1384.7328
10.45 1384.0990
10.46 1383.4666
10.47 1382.8358
10.48 1382.2065
10.49 1381.5787
10.50 1380.9524
10.51 1380.3276
10.52 1379.7043
10.53 1379.0825
10.54 1378.4622
10.55 1377.8434
10.56 1377.2261
10.57 1376.6102
10.58 1375.9958
10.59 1375.3829
10.60 1374.7714
10.61 1374.1614
10.62 1373.5529
10.63 1372.9457
10.64 1372.3401
10.65 1371.7359
10.66 1371.1331
10.67 1370.5317
10.68 1369.9318
10.69 1369.3333
10.70 1368.7362
10.71 1368.1405
10.72 1367.5462
10.73 1366.9534
10.74 1366.3619
10.75 1365.7718
10.76 1365.1831
10.77 1364.5958
10.78 1364.0099
10.79 1363.4254
10.80 1362.8422
10.81 1362.2604
10.82 1361.6800
10.83 1361.1009
10.84 1360.5232
10.85 1359.9468
10.86 1359.3718
10.87 1358.7981
10.88 1358.2258
10.89 1357.6548
10.90 1357.0851
10.91 1356.5168
10.92 1355.9498
10.93 1355.3841
10.94 1354.8197
10.95 1354.2566
10.96 1353.6948
10.97 1353.1344
10.98 1352.5752
10.99 1352.0174
11.00 1351.4608
11.01 1350.9055
11.02 1350.3515
11.03 1349.7988
11.04 1349.2473
11.05 1348.6972
11.06 1348.1483
11.07 1347.6006
11.08 1347.0542
11.09 1346.5091
11.10 1345.9652
11.11 1345.4226
11.12 1344.8812
11.13 1344.3411
11.14 1343.8022
11.15 1343.2645
11.16 1342.7281
11.17 1342.1929
11.18 1341.6589
11.19 1341.1261
11.20 1340.5946
11.21 1340.0643
11.22 1339.5351
11.23 1339.0072
11.24 1338.4805
11.25 1337.9550
11.26 1337.4306
11.27 1336.9075
11.28 1336.3855
11.29 1335.8647
11.30 1335.3452
11.31 1334.8267
11.32 1334.3095
11.33 1333.7934
11.34 1333.2785
11.35 1332.7648
11.36 1332.2522
11.37 1331.7407
11.38 1331.2305
11.39 1330.7213
11.40 1330.2133
11.41 1329.7065
11.42 1329.2008
11.43 1328.6962
11.44 1328.1928
11.45 1327.6905
11.46 1327.1893
11.47 1326.6892
11.48 1326.1903
11.49 1325.6924
11.50 1325.1957
11.51 1324.7001
11.52 1324.2056
11.53 1323.7122
11.54 1323.2199
11.55 1322.7287
11.56 1322.2386
11.57 1321.7495
11.58 1321.2616
11.59 1320.7747
11.60 1320.2889
11.61 1319.8042
11.62 1319.3206
11.63 1318.8381
11.64 1318.3566
11.65 1317.8761
11.66 1317.3968
11.67 1316.9185
11.68 1316.4412
11.69 1315.9650
11.70 1315.4899
11.71 1315.0157
11.72 1314.5427
11.73 1314.0707
11.74 1313.5997
11.75 1313.1297
11.76 1312.6608
11.77 1312.1929
11.78 1311.7260
11.79 1311.2602
11.80 1310.7953
11.81 1310.3315
11.82 1309.8687
11.83 1309.4069
11.84 1308.9462
11.85 1308.4864
11.86 1308.0276
11.87 1307.5698
11.88 1307.1130
11.89 1306.6572
11.90 1306.2024
11.91 1305.7486
11.92 1305.2958
11.93 1304.8440
11.94 1304.3931
11.95 1303.9432
11.96 1303.4943
11.97 1303.0463
11.98 1302.5993
11.99 1302.1533
12.00 1301.7083
12.01 1301.2642
12.02 1300.8210
12.03 1300.3789
12.04 1299.9376
12.05 1299.4974
12.06 1299.0580
12.07 1298.6196
12.08 1298.1822
12.09 1297.7457
12.10 1297.3101
12.11 1296.8754
12.12 1296.4417
12.13 1296.0089
12.14 1295.5771
12.15 1295.1461
12.16 1294.7161
12.17 1294.2870
12.18 1293.8588
12.19 1293.4315
12.20 1293.0052
12.21 1292.5797
12.22 1292.1552
12.23 1291.7315
12.24 1291.3088
12.25 1290.8869
12.26 1290.4659
12.27 1290.0459
12.28 1289.6267
12.29 1289.2084
12.30 1288.7910
12.31 1288.3745
12.32 1287.9588
12.33 1287.5440
12.34 1287.1302
12.35 1286.7171
12.36 1286.3050
12.37 1285.8937
12.38 1285.4833
12.39 1285.0737
12.40 1284.6650
12.41 1284.2572
12.42 1283.8502
12.43 1283.4441
12.44 1283.0388
12.45 1282.6344
12.46 1282.2308
12.47 1281.8280
12.48 1281.4261
12.49 1281.0251
12.50 1280.6248
12.51 1280.2255
12.52 1279.8269
12.53 1279.4292
12.54 1279.0323
12.55 1278.6362
12.56 1278.2410
12.57 1277.8465
12.58 1277.4529
12.59 1277.0601
12.60 1276.6682
12.61 1276.2770
12.62 1275.8866
12.63 1275.4971
12.64 1275.1083
12.65 1274.7204
12.66 1274.3333
12.67 1273.9469
12.68 1273.5614
12.69 1273.1766
12.70 1272.7927
12.71 1272.4095
12.72 1272.0272
12.73 1271.6456
12.74 1271.2648
12.75 1270.8847
12.76 1270.5055
12.77 1270.1270
12.78 1269.7493
12.79 1269.3724
12.80 1268.9963
12.81 1268.6209
12.82 1268.2463
12.83 1267.8725
12.84 1267.4994
12.85 1267.1271
12.86 1266.7555
12.87 1266.3847
12.88 1266.0147
12.89 1265.6454
12.90 1265.2768
12.91 1264.9090
12.92 1264.5420
12.93 1264.1757
12.94 1263.8101
12.95 1263.4453
12.96 1263.0812
12.97 1262.7179
12.98 1262.3553
12.99 1261.9934
13.00 1261.6323
13.01 1261.2719
13.02 1260.9122
13.03 1260.5532
13.04 1260.1950
13.05 1259.8375
13.06 1259.4807
13.07 1259.1246
13.08 1258.7692
13.09 1258.4146
13.10 1258.0607
13.11 1257.7074
13.12 1257.3549
13.13 1257.0031
13.14 1256.6520
13.15 1256.3016
13.16 1255.9519
13.17 1255.6029
13.18 1255.2546
13.19 1254.9070
13.20 1254.5601
13.21 1254.2139
13.22 1253.8683
13.23 1253.5235
13.24 1253.1793
13.25 1252.8359
13.26 1252.4931
13.27 1252.1510
13.28 1251.8095
13.29 1251.4688
13.30 1251.1287
13.31 1250.7893
13.32 1250.4506
13.33 1250.1125
13.34 1249.7751
13.35 1249.4384
13.36 1249.1024
13.37 1248.7670
13.38 1248.4322
13.39 1248.0982
13.40 1247.7648
13.41 1247.4320
13.42 1247.0999
13.43 1246.7685
13.44 1246.4377
13.45 1246.1075
13.46 1245.7780
13.47 1245.4492
13.48 1245.1210
13.49 1244.7934
13.50 1244.4665
13.51 1244.1402
13.52 1243.8146
13.53 1243.4896
13.54 1243.1652
13.55 1242.8415
13.56 1242.5184
13.57 1242.1959
13.58 1241.8740
13.59 1241.5528
13.60 1241.2322
13.61 1240.9123
13.62 1240.5929
13.63 1240.2742
13.64 1239.9561
13.65 1239.6386
13.66 1239.3217
13.67 1239.0055
13.68 1238.6898
13.69 1238.3748
13.70 1238.0604
13.71 1237.7465
13.72 1237.4333
13.73 1237.1207
13.74 1236.8087
13.75 1236.4973
13.76 1236.1865
13.77 1235.8763
13.78 1235.5667
13.79 1235.2577
13.80 1234.9493
13.81 1234.6415
13.82 1234.3343
13.83 1234.0276
13.84 1233.7216
13.85 1233.4161
13.86 1233.1112
13.87 1232.8069
13.88 1232.5032
13.89 1232.2001
13.90 1231.8975
13.91 1231.5956
13.92 1231.2942
13.93 1230.9934
13.94 1230.6931
13.95 1230.3934
13.96 1230.0943
13.97 1229.7958
13.98 1229.4978
13.99 1229.2004
14.00 1228.9036
14.01 1228.6073
14.02 1228.3116
14.03 1228.0165
14.04 1227.7219
14.05 1227.4279
14.06 1227.1344
14.07 1226.8415
14.08 1226.5491
14.09 1226.2573
14.10 1225.9661
14.11 1225.6754
14.12 1225.3852
14.13 1225.0956
14.14 1224.8065
14.15 1224.5180
14.16 1224.2300
14.17 1223.9426
14.18 1223.6557
14.19 1223.3694
14.20 1223.0835
14.21 1222.7983
14.22 1222.5135
14.23 1222.2293
14.24 1221.9456
14.25 1221.6625
14.26 1221.3799
14.27 1221.0978
14.28 1220.8162
14.29 1220.5352
14.30 1220.2547
14.31 1219.9747
14.32 1219.6952
14.33 1219.4163
14.34 1219.1379
14.35 1218.8600
14.36 1218.5826
14.37 1218.3057
14.38 1218.0293
14.39 1217.7535
14.40 1217.4782
14.41 1217.2033
14.42 1216.9290
14.43 1216.6552
14.44 1216.3819
14.45 1216.1092
14.46 1215.8369
14.47 1215.5651
14.48 1215.2938
14.49 1215.0230
14.50 1214.7528
14.51 1214.4830
14.52 1214.2137
14.53 1213.9449
14.54 1213.6766
14.55 1213.4088
14.56 1213.1415
14.57 1212.8747
14.58 1212.6084
14.59 1212.3426
14.60 1212.0772
14.61 1211.8124
14.62 1211.5480
14.63 1211.2841
14.64 1211.0207
14.65 1210.7578
14.66 1210.4953
14.67 1210.2334
14.68 1209.9719
14.69 1209.7109
14.70 1209.4503
14.71 1209.1903
14.72 1208.9307
14.73 1208.6716
14.74 1208.4130
14.75 1208.1548
14.76 1207.8971
14.77 1207.6399
14.78 1207.3831
14.79 1207.1268
14.80 1206.8710
14.81 1206.6156
14.82 1206.3607
14.83 1206.1063
14.84 1205.8523
14.85 1205.5988
14.86 1205.3457
14.87 1205.0931
14.88 1204.8410
14.89 1204.5893
14.90 1204.3381
14.91 1204.0873
14.92 1203.8369
14.93 1203.5871
14.94 1203.3376
14.95 1203.0886
14.96 1202.8401
14.97 1202.5920
14.98 1202.3444
14.99 1202.0972
15.00 1201.8504
15.01 1201.6041
15.02 1201.3582
15.03 1201.1128
15.04 1200.8678
15.05 1200.6233
15.06 1200.3792
15.07 1200.1355
15.08 1199.8922
15.09 1199.6494
15.10 1199.4070
15.11 1199.1651
15.12 1198.9236
15.13 1198.6825
15.14 1198.4418
15.15 1198.2016
15.16 1197.9618
15.17 1197.7225
15.18 1197.4835
15.19 1197.2450
15.20 1197.0069
15.21 1196.7692
15.22 1196.5320
15.23 1196.2951
15.24 1196.0587
15.25 1195.8227
15.26 1195.5871
15.27 1195.3520
15.28 1195.1172
15.29 1194.8829
15.30 1194.6490
15.31 1194.4154
15.32 1194.1823
15.33 1193.9497
15.34 1193.7174
15.35 1193.4855
15.36 1193.2541
15.37 1193.0230
15.38 1192.7924
15.39 1192.5621
15.40 1192.3323
15.41 1192.1028
15.42 1191.8738
15.43 1191.6452
15.44 1191.4169
15.45 1191.1891
15.46 1190.9617
15.47 1190.7346
15.48 1190.5080
15.49 1190.2818
15.50 1190.0559
15.51 1189.8305
15.52 1189.6054
15.53 1189.3807
15.54 1189.1565
15.55 1188.9326
15.56 1188.7091
15.57 1188.4860
15.58 1188.2632
15.59 1188.0409
15.60 1187.8190
15.61 1187.5974
15.62 1187.3762
15.63 1187.1554
15.64 1186.9350
15.65 1186.7150
15.66 1186.4953
15.67 1186.2760
15.68 1186.0572
15.69 1185.8386
15.70 1185.6205
15.71 1185.4027
15.72 1185.1854
15.73 1184.9683
15.74 1184.7517
15.75 1184.5354
15.76 1184.3195
15.77 1184.1040
15.78 1183.8889
15.79 1183.6741
15.80 1183.4597
15.81 1183.2456
15.82 1183.0320
15.83 1182.8187
15.84 1182.6057
15.85 1182.3931
15.86 1182.1809
15.87 1181.9691
15.88 1181.7576
15.89 1181.5464
15.90 1181.3357
15.91 1181.1253
15.92 1180.9152
15.93 1180.7055
15.94 1180.4962
15.95 1180.2872
15.96 1180.0786
15.97 1179.8703
15.98 1179.6624
15.99 1179.4548
16.00 1179.2476
16.01 1179.0408
16.02 1178.8343
16.03 1178.6281
16.04 1178.4223
16.05 1178.2169
16.06 1178.0118
16.07 1177.8070
16.08 1177.6026
16.09 1177.3985
16.10 1177.1948
16.11 1176.9914
16.12 1176.7884
16.13 1176.5857
16.14 1176.3833
16.15 1176.1813
16.16 1175.9797
16.17 1175.7783
16.18 1175.5773
16.19 1175.3767
16.20 1175.1764
16.21 1174.9764
16.22 1174.7767
16.23 1174.5774
16.24 1174.3785
16.25 1174.1798
16.26 1173.9815
16.27 1173.7835
16.28 1173.5859
16.29 1173.3886
16.30 1173.1916
16.31 1172.9949
16.32 1172.7986
16.33 1172.6026
16.34 1172.4069
16.35 1172.2116
16.36 1172.0166
16.37 1171.8219
16.38 1171.6275
16.39 1171.4335
16.40 1171.2397
16.41 1171.0463
16.42 1170.8532
16.43 1170.6605
16.44 1170.4680
16.45 1170.2759
16.46 1170.0841
16.47 1169.8926
16.48 1169.7015
16.49 1169.5106
16.50 1169.3201
16.51 1169.1299
16.52 1168.9400
16.53 1168.7504
16.54 1168.5611
16.55 1168.3721
16.56 1168.1835
16.57 1167.9951
16.58 1167.8071
16.59 1167.6194
16.60 1167.4320
16.61 1167.2449
16.62 1167.0581
16.63 1166.8716
16.64 1166.6854
16.65 1166.4995
16.66 1166.3139
16.67 1166.1287
16.68 1165.9437
16.69 1165.7590
16.70 1165.5747
16.71 1165.3906
16.72 1165.2069
16.73 1165.0234
16.74 1164.8402
16.75 1164.6574
16.76 1164.4748
16.77 1164.2926
16.78 1164.1106
16.79 1163.9289
16.80 1163.7476
16.81 1163.5665
16.82 1163.3857
16.83 1163.2052
16.84 1163.0250
16.85 1162.8451
16.86 1162.6655
16.87 1162.4862
16.88 1162.3072
16.89 1162.1284
16.90 1161.9500
16.91 1161.7718
16.92 1161.5940
16.93 1161.4164
16.94 1161.2391
16.95 1161.0621
16.96 1160.8854
16.97 1160.7089
16.98 1160.5328
16.99 1160.3569
17.00 1160.1813
17.01 1160.0061
17.02 1159.8310
17.03 1159.6563
17.04 1159.4818
17.05 1159.3077
17.06 1159.1338
17.07 1158.9602
17.08 1158.7868
17.09 1158.6138
17.10 1158.4410
17.11 1158.2685
17.12 1158.0963
17.13 1157.9243
17.14 1157.7527
17.15 1157.5813
17.16 1157.4101
17.17 1157.2393
17.18 1157.0687
17.19 1156.8984
17.20 1156.7284
17.21 1156.5586
17.22 1156.3891
17.23 1156.2199
17.24 1156.0510
17.25 1155.8823
17.26 1155.7139
17.27 1155.5457
17.28 1155.3779
17.29 1155.2102
17.30 1155.0429
17.31 1154.8758
17.32 1154.7090
17.33 1154.5425
17.34 1154.3762
17.35 1154.2102
17.36 1154.0444
17.37 1153.8789
17.38 1153.7137
17.39 1153.5487
17.40 1153.3840
17.41 1153.2195
17.42 1153.0553
17.43 1152.8914
17.44 1152.7277
17.45 1152.5643
17.46 1152.4012
17.47 1152.2383
17.48 1152.0756
17.49 1151.9132
17.50 1151.7511
17.51 1151.5892
17.52 1151.4276
17.53 1151.2662
17.54 1151.1051
17.55 1150.9443
17.56 1150.7836
17.57 1150.6233
17.58 1150.4632
17.59 1150.3033
17.60 1150.1437
17.61 1149.9844
17.62 1149.8253
17.63 1149.6664
17.64 1149.5078
17.65 1149.3494
17.66 1149.1913
17.67 1149.0334
17.68 1148.8758
17.69 1148.7184
17.70 1148.5613
17.71 1148.4044
17.72 1148.2478
17.73 1148.0914
17.74 1147.9352
17.75 1147.7793
17.76 1147.6236
17.77 1147.4682
17.78 1147.3130
17.79 1147.1581
17.80 1147.0034
17.81 1146.8489
17.82 1146.6947
17.83 1146.5407
17.84 1146.3869
17.85 1146.2334
17.86 1146.0801
17.87 1145.9271
17.88 1145.7743
17.89 1145.6217
17.90 1145.4694
17.91 1145.3173
17.92 1145.1654
17.93 1145.0138
17.94 1144.8624
17.95 1144.7112
17.96 1144.5603
17.97 1144.4096
17.98 1144.2591
17.99 1144.1089
18.00 1143.9589
18.01 1143.8091
18.02 1143.6596
18.03 1143.5103
18.04 1143.3612
18.05 1143.2123
18.06 1143.0637
18.07 1142.9153
18.08 1142.7671
18.09 1142.6192
18.10 1142.4714
18.11 1142.3239
18.12 1142.1767
18.13 1142.0296
18.14 1141.8828
18.15 1141.7362
18.16 1141.5898
18.17 1141.4437
18.18 1141.2977
18.19 1141.1520
18.20 1141.0065
18.21 1140.8613
18.22 1140.7162
18.23 1140.5714
18.24 1140.4268
18.25 1140.2824
18.26 1140.1382
18.27 1139.9943
18.28 1139.8505
18.29 1139.7070
18.30 1139.5637
18.31 1139.4207
18.32 1139.2778
18.33 1139.1351
18.34 1138.9927
18.35 1138.8505
18.36 1138.7085
18.37 1138.5667
18.38 1138.4251
18.39 1138.2838
18.40 1138.1426
18.41 1138.0017
18.42 1137.8610
18.43 1137.7204
18.44 1137.5801
18.45 1137.4401
18.46 1137.3002
18.47 1137.1605
18.48 1137.0210
18.49 1136.8818
18.50 1136.7427
18.51 1136.6039
18.52 1136.4653
18.53 1136.3269
18.54 1136.1887
18.55 1136.0507
18.56 1135.9129
18.57 1135.7753
18.58 1135.6379
18.59 1135.5007
18.60 1135.3637
18.61 1135.2269
18.62 1135.0904
18.63 1134.9540
18.64 1134.8178
18.65 1134.6819
18.66 1134.5461
18.67 1134.4106
18.68 1134.2752
18.69 1134.1401
18.70 1134.0051
18.71 1133.8703
18.72 1133.7358
18.73 1133.6014
18.74 1133.4673
18.75 1133.3333
18.76 1133.1996
18.77 1133.0660
18.78 1132.9327
18.79 1132.7995
18.80 1132.6665
18.81 1132.5338
18.82 1132.4012
18.83 1132.2688
18.84 1132.1366
18.85 1132.0046
18.86 1131.8728
18.87 1131.7412
18.88 1131.6098
18.89 1131.4786
18.90 1131.3476
18.91 1131.2168
18.92 1131.0861
18.93 1130.9557
18.94 1130.8254
18.95 1130.6954
18.96 1130.5655
18.97 1130.4358
18.98 1130.3063
18.99 1130.1770
19.00 1130.0479
19.01 1129.9190
19.02 1129.7903
19.03 1129.6617
19.04 1129.5334
19.05 1129.4052
19.06 1129.2772
19.07 1129.1494
19.08 1129.0218
19.09 1128.8944
19.10 1128.7672
19.11 1128.6401
19.12 1128.5132
19.13 1128.3866
19.14 1128.2601
19.15 1128.1337
19.16 1128.0076
19.17 1127.8817
19.18 1127.7559
19.19 1127.6303
19.20 1127.5049
19.21 1127.3797
19.22 1127.2547
19.23 1127.1298
19.24 1127.0051
19.25 1126.8807
19.26 1126.7563
19.27 1126.6322
19.28 1126.5083
19.29 1126.3845
19.30 1126.2609
19.31 1126.1375
19.32 1126.0142
19.33 1125.8912
19.34 1125.7683
19.35 1125.6456
19.36 1125.5230
19.37 1125.4007
19.38 1125.2785
19.39 1125.1565
19.40 1125.0347
19.41 1124.9130
19.42 1124.7916
19.43 1124.6703
19.44 1124.5491
19.45 1124.4282
19.46 1124.3074
19.47 1124.1868
19.48 1124.0664
19.49 1123.9461
19.50 1123.8260
19.51 1123.7061
19.52 1123.5863
19.53 1123.4668
19.54 1123.3474
19.55 1123.2281
19.56 1123.1091
19.57 1122.9902
19.58 1122.8714
19.59 1122.7529
19.60 1122.6345
19.61 1122.5163
19.62 1122.3982
19.63 1122.2803
19.64 1122.1626
19.65 1122.0451
19.66 1121.9277
19.67 1121.8105
19.68 1121.6934
19.69 1121.5766
19.70 1121.4598
19.71 1121.3433
19.72 1121.2269
19.73 1121.1107
19.74 1120.9946
19.75 1120.8787
19.76 1120.7630
19.77 1120.6475
19.78 1120.5321
19.79 1120.4168
19.80 1120.3018
19.81 1120.1868
19.82 1120.0721
19.83 1119.9575
19.84 1119.8431
19.85 1119.7288
19.86 1119.6147
19.87 1119.5008
19.88 1119.3870
19.89 1119.2734
19.90 1119.1599
19.91 1119.0466
19.92 1118.9334
19.93 1118.8205
19.94 1118.7076
19.95 1118.5950
19.96 1118.4825
19.97 1118.3701
19.98 1118.2579
19.99 1118.1459
20.00 1118.0340
20.01 1117.9223
20.02 1117.8107
20.03 1117.6993
20.04 1117.5880
20.05 1117.4769
20.06 1117.3660
20.07 1117.2552
20.08 1117.1445
20.09 1117.0341
20.10 1116.9237
20.11 1116.8136
20.12 1116.7035
20.13 1116.5937
20.14 1116.4839
20.15 1116.3744
20.16 1116.2650
20.17 1116.1557
20.18 1116.0466
20.19 1115.9377
20.20 1115.8288
20.21 1115.7202
20.22 1115.6117
20.23 1115.5033
20.24 1115.3951
20.25 1115.2871
20.26 1115.1792
20.27 1115.0714
20.28 1114.9638
20.29 1114.8564
20.30 1114.7490
20.31 1114.6419
20.32 1114.5349
20.33 1114.4280
20.34 1114.3213
20.35 1114.2147
20.36 1114.1083
20.37 1114.0020
20.38 1113.8959
20.39 1113.7899
20.40 1113.6841
20.41 1113.5784
20.42 1113.4728
20.43 1113.3674
20.44 1113.2622
20.45 1113.1570
20.46 1113.0521
20.47 1112.9472
20.48 1112.8426
20.49 1112.7380
20.50 1112.6336
20.51 1112.5294
20.52 1112.4253
20.53 1112.3213
20.54 1112.2175
20.55 1112.1138
20.56 1112.0102
20.57 1111.9068
20.58 1111.8036
20.59 1111.7005
20.60 1111.5975
20.61 1111.4947
20.62 1111.3920
20.63 1111.2894
20.64 1111.1870
20.65 1111.0847
20.66 1110.9826
20.67 1110.8806
20.68 1110.7787
20.69 1110.6770
20.70 1110.5754
20.71 1110.4739
20.72 1110.3726
20.73 1110.2714
20.74 1110.1704
20.75 1110.0695
20.76 1109.9687
20.77 1109.8681
20.78 1109.7676
20.79 1109.6673
20.80 1109.5671
20.81 1109.4670
20.82 1109.3670
20.83 1109.2672
20.84 1109.1675
20.85 1109.0680
20.86 1108.9686
20.87 1108.8693
20.88 1108.7702
20.89 1108.6712
20.90 1108.5723
20.91 1108.4735
20.92 1108.3749
20.93 1108.2764
20.94 1108.1781
20.95 1108.0799
20.96 1107.9818
20.97 1107.8839
20.98 1107.7860
20.99 1107.6884
21.00 1107.5908
21.01 1107.4934
21.02 1107.3961
21.03 1107.2989
21.04 1107.2019
21.05 1107.1050
21.06 1107.0082
21.07 1106.9115
21.08 1106.8150
21.09 1106.7186
21.10 1106.6224
21.11 1106.5263
21.12 1106.4303
21.13 1106.3344
21.14 1106.2386
21.15 1106.1430
21.16 1106.0475
21.17 1105.9522
21.18 1105.8569
21.19 1105.7618
21.20 1105.6668
21.21 1105.5720
21.22 1105.4772
21.23 1105.3826
21.24 1105.2881
21.25 1105.1938
21.26 1105.0995
21.27 1105.0054
21.28 1104.9115
21.29 1104.8176
21.30 1104.7239
21.31 1104.6303
21.32 1104.5368
21.33 1104.4434
21.34 1104.3502
21.35 1104.2571
21.36 1104.1641
21.37 1104.0712
21.38 1103.9784
21.39 1103.8858
21.40 1103.7933
21.41 1103.7009
21.42 1103.6087
21.43 1103.5165
21.44 1103.4245
21.45 1103.3326
21.46 1103.2408
21.47 1103.1492
21.48 1103.0577
21.49 1102.9662
21.50 1102.8749
21.51 1102.7838
21.52 1102.6927
21.53 1102.6018
21.54 1102.5110
21.55 1102.4203
21.56 1102.3297
21.57 1102.2392
21.58 1102.1489
21.59 1102.0587
21.60 1101.9686
21.61 1101.8786
21.62 1101.7887
21.63 1101.6989
21.64 1101.6093
21.65 1101.5198
21.66 1101.4304
21.67 1101.3411
21.68 1101.2519
21.69 1101.1629
21.70 1101.0739
21.71 1100.9851
21.72 1100.8964
21.73 1100.8078
21.74 1100.7193
21.75 1100.6310
21.76 1100.5427
21.77 1100.4546
21.78 1100.3666
21.79 1100.2787
21.80 1100.1909
21.81 1100.1032
21.82 1100.0157
21.83 1099.9282
21.84 1099.8409
21.85 1099.7536
21.86 1099.6665
21.87 1099.5795
21.88 1099.4927
21.89 1099.4059
21.90 1099.3192
21.91 1099.2327
21.92 1099.1462
21.93 1099.0599
21.94 1098.9737
21.95 1098.8876
21.96 1098.8016
21.97 1098.7157
21.98 1098.6299
21.99 1098.5443
22.00 1098.4587
22.01 1098.3733
22.02 1098.2880
22.03 1098.2027
22.04 1098.1176
22.05 1098.0326
22.06 1097.9477
22.07 1097.8629
22.08 1097.7783
22.09 1097.6937
22.10 1097.6092
22.11 1097.5249
22.12 1097.4406
22.13 1097.3565
22.14 1097.2725
22.15 1097.1885
22.16 1097.1047
22.17 1097.0210
22.18 1096.9374
22.19 1096.8539
22.20 1096.7705
22.21 1096.6873
22.22 1096.6041
22.23 1096.5210
22.24 1096.4380
22.25 1096.3552
22.26 1096.2724
22.27 1096.1898
22.28 1096.1072
22.29 1096.0248
22.30 1095.9425
22.31 1095.8602
22.32 1095.7781
22.33 1095.6961
22.34 1095.6142
22.35 1095.5324
22.36 1095.4507
22.37 1095.3691
22.38 1095.2876
22.39 1095.2062
22.40 1095.1249
22.41 1095.0437
22.42 1094.9626
22.43 1094.8816
22.44 1094.8007
22.45 1094.7199
22.46 1094.6392
22.47 1094.5587
22.48 1094.4782
22.49 1094.3978
22.50 1094.3175
22.51 1094.2374
22.52 1094.1573
22.53 1094.0773
22.54 1093.9974
22.55 1093.9177
22.56 1093.8380
22.57 1093.7584
22.58 1093.6790
22.59 1093.5996
22.60 1093.5203
22.61 1093.4411
22.62 1093.3621
22.63 1093.2831
22.64 1093.2042
22.65 1093.1254
22.66 1093.0468
22.67 1092.9682
22.68 1092.8897
22.69 1092.8113
22.70 1092.7330
22.71 1092.6548
22.72 1092.5768
22.73 1092.4988
22.74 1092.4209
22.75 1092.3431
22.76 1092.2654
22.77 1092.1878
22.78 1092.1103
22.79 1092.0328
22.80 1091.9555
22.81 1091.8783
22.82 1091.8012
22.83 1091.7242
22.84 1091.6472
22.85 1091.5704
22.86 1091.4937
22.87 1091.4170
22.88 1091.3405
22.89 1091.2640
22.90 1091.1877
22.91 1091.1114
22.92 1091.0352
22.93 1090.9591
22.94 1090.8832
22.95 1090.8073
22.96 1090.7315
22.97 1090.6558
22.98 1090.5802
22.99 1090.5047
23.00 1090.4292
23.01 1090.3539
23.02 1090.2787
23.03 1090.2035
23.04 1090.1285
23.05 1090.0535
23.06 1089.9787
23.07 1089.9039
23.08 1089.8292
23.09 1089.7546
23.10 1089.6801
23.11 1089.6057
23.12 1089.5314
23.13 1089.4572
23.14 1089.3831
23.15 1089.3090
23.16 1089.2351
23.17 1089.1612
23.18 1089.0874
23.19 1089.0138
23.20 1088.9402
23.21 1088.8667
23.22 1088.7933
23.23 1088.7200
23.24 1088.6467
23.25 1088.5736
23.26 1088.5006
23.27 1088.4276
23.28 1088.3547
23.29 1088.2819
23.30 1088.2093
23.31 1088.1366
23.32 1088.0641
23.33 1087.9917
23.34 1087.9194
23.35 1087.8471
23.36 1087.7750
23.37 1087.7029
23.38 1087.6309
23.39 1087.5590
23.40 1087.4872
23.41 1087.4155
23.42 1087.3438
23.43 1087.2723
23.44 1087.2008
23.45 1087.1294
23.46 1087.0582
23.47 1086.9869
23.48 1086.9158
23.49 1086.8448
23.50 1086.7739
23.51 1086.7030
23.52 1086.6322
23.53 1086.5615
23.54 1086.4909
23.55 1086.4204
23.56 1086.3500
23.57 1086.2796
23.58 1086.2094
23.59 1086.1392
23.60 1086.0691
23.61 1085.9991
23.62 1085.9292
23.63 1085.8593
23.64 1085.7896
23.65 1085.7199
23.66 1085.6503
23.67 1085.5808
23.68 1085.5114
23.69 1085.4421
23.70 1085.3728
23.71 1085.3036
23.72 1085.2346
23.73 1085.1656
23.74 1085.0966
23.75 1085.0278
23.76 1084.9590
23.77 1084.8904
23.78 1084.8218
23.79 1084.7533
23.80 1084.6848
23.81 1084.6165
23.82 1084.5482
23.83 1084.4801
23.84 1084.4120
23.85 1084.3439
23.86 1084.2760
23.87 1084.2081
23.88 1084.1404
23.89 1084.0727
23.90 1084.0051
23.91 1083.9375
23.92 1083.8701
23.93 1083.8027
23.94 1083.7354
23.95 1083.6682
23.96 1083.6011
23.97 1083.5340
23.98 1083.4670
23.99 1083.4001
24.00 1083.3333
24.01 1083.2666
24.02 1083.1999
24.03 1083.1334
24.04 1083.0669
24.05 1083.0005
24.06 1082.9341
24.07 1082.8679
24.08 1082.8017
24.09 1082.7356
24.10 1082.6695
24.11 1082.6036
24.12 1082.5377
24.13 1082.4719
24.14 1082.4062
24.15 1082.3406
24.16 1082.2750
24.17 1082.2095
24.18 1082.1441
24.19 1082.0788
24.20 1082.0136
24.21 1081.9484
24.22 1081.8833
24.23 1081.8183
24.24 1081.7533
24.25 1081.6885
24.26 1081.6237
24.27 1081.5590
24.28 1081.4943
24.29 1081.4298
24.30 1081.3653
24.31 1081.3009
24.32 1081.2365
24.33 1081.1723
24.34 1081.1081
24.35 1081.0440
24.36 1080.9800
24.37 1080.9160
24.38 1080.8521
24.39 1080.7883
24.40 1080.7246
24.41 1080.6609
24.42 1080.5973
24.43 1080.5338
24.44 1080.4704
24.45 1080.4070
24.46 1080.3437
24.47 1080.2805
24.48 1080.2174
24.49 1080.1543
24.50 1080.0913
24.51 1080.0284
24.52 1079.9655
24.53 1079.9028
24.54 1079.8401
24.55 1079.7774
24.56 1079.7149
24.57 1079.6524
24.58 1079.5900
24.59 1079.5277
24.60 1079.4654
24.61 1079.4032
24.62 1079.3411
24.63 1079.2790
24.64 1079.2171
24.65 1079.1552
24.66 1079.0933
24.67 1079.0316
24.68 1078.9699
24.69 1078.9083
24.70 1078.8467
24.71 1078.7852
24.72 1078.7238
24.73 1078.6625
24.74 1078.6012
24.75 1078.5401
24.76 1078.4789
24.77 1078.4179
24.78 1078.3569
24.79 1078.2960
24.80 1078.2352
24.81 1078.1744
24.82 1078.1137
24.83 1078.0531
24.84 1077.9925
24.85 1077.9320
24.86 1077.8716
24.87 1077.8112
24.88 1077.7510
24.89 1077.6907
24.90 1077.6306
24.91 1077.5705
24.92 1077.5105
24.93 1077.4506
24.94 1077.3907
24.95 1077.3309
24.96 1077.2712
24.97 1077.2115
24.98 1077.1519
24.99 1077.0924
