-1.000000 0.000000
-0.900000 0.000000
-0.800000 0.000000
-0.700000 0.000000
-0.600000 0.000000
-0.500000 0.000000
-0.400000 0.000000
-0.300000 0.000000
-0.200000 0.000000
-0.100000 0.000000
0.000000 0.500365
0.100000 1.000017
0.200000 1.000017
0.300000 0.999868
0.400000 0.999868
0.500000 1.000017
0.600000 1.000166
0.700000 1.000166
0.800000 1.000166
0.900000 1.000166
1.000000 -0.001192
1.100000 -1.000166
1.200000 -1.000166
1.300000 -1.000166
1.400000 -1.000166
1.500000 -1.000166
1.600000 -1.000166
1.700000 -1.000166
1.800000 -1.000166
1.900000 -1.000166
2.000000 -0.498891
2.100000 0.000000
2.200000 0.000000
2.300000 0.000000
2.400000 0.000000
2.500000 0.000000
2.600000 0.000000
2.700000 0.000000
2.799999 0.000000
2.899999 0.000000
2.999999 0.000000
