-1.000000 0.000000 0.000000
-0.900000 0.000000 0.000000
-0.800000 0.000000 0.000000
-0.700000 0.000000 0.000000
-0.600000 0.000000 0.000000
-0.500000 0.000000 0.000000
-0.400000 0.000000 0.000000
-0.300000 0.000000 0.000000
-0.200000 0.000000 0.000000
-0.100000 0.000000 0.000000
0.000000 0.000005 0.000000
0.100000 0.100005 0.100000
0.200000 0.200005 0.200000
0.300000 0.300005 0.300000
0.400000 0.400005 0.400000
0.500000 0.500005 0.500000
0.600000 0.600005 0.600000
0.700000 0.700005 0.700000
0.800000 0.800005 0.800000
0.900000 0.900005 0.900000
1.000000 0.999995 1.000000
1.100000 0.899995 0.900000
1.200000 0.799995 0.800000
1.300000 0.699995 0.700000
1.400000 0.599995 0.600000
1.500000 0.499995 0.500000
1.600000 0.399995 0.400000
1.700000 0.299995 0.300000
1.800000 0.199995 0.200000
1.900000 0.099995 0.100000
2.000000 0.000000 0.000000
2.100000 0.000000 0.000000
2.200000 0.000000 0.000000
2.300000 0.000000 0.000000
2.400000 0.000000 0.000000
2.500000 0.000000 0.000000
2.600000 0.000000 0.000000
2.700000 0.000000 0.000000
2.799999 0.000000 0.000000
2.899999 0.000000 0.000000
2.999999 0.000000 0.000000
