0.000000 -0.250000
0.505051 -0.095694
1.010101 0.046011
1.515152 0.168166
2.020202 0.265811
2.525253 0.336033
3.030303 0.377902
3.535354 0.392285
4.040404 0.381586
4.545455 0.349417
5.050505 0.300243
5.555556 0.239010
6.060606 0.170798
6.565657 0.100499
7.070707 0.032549
7.575758 -0.029279
8.080808 -0.082029
8.585859 -0.123634
9.090909 -0.152937
9.595960 -0.169650
10.101010 -0.174272
10.606061 -0.167960
11.111111 -0.152388
11.616162 -0.129583
12.121212 -0.101761
12.626263 -0.071175
13.131313 -0.039976
13.636364 -0.010095
14.141414 0.016843
14.646465 0.039581
15.151515 0.057264
15.656566 0.069438
16.161616 0.076029
16.666667 0.077308
17.171717 0.073829
17.676768 0.066363
18.181818 0.055827
18.686869 0.043215
19.191919 0.029524
19.696970 0.015697
20.202020 0.002575
20.707071 -0.009144
21.212121 -0.018928
21.717172 -0.026423
22.222222 -0.031455
22.727273 -0.034016
23.232323 -0.034246
23.737374 -0.032408
24.242424 -0.028856
24.747475 -0.024007
25.252525 -0.018302
25.757576 -0.012183
26.262626 -0.006064
26.767677 -0.000310
27.272727 0.004781
27.777778 0.008982
28.282828 0.012151
28.787879 0.014219
29.292929 0.015194
29.797980 0.015149
30.303030 0.014206
30.808081 0.012528
31.313131 0.010303
31.818182 0.007728
32.323232 0.004998
32.828283 0.002294
33.333333 -0.000226
33.838384 -0.002434
34.343434 -0.004235
34.848485 -0.005570
35.353535 -0.006414
35.858586 -0.006776
36.363636 -0.006692
36.868687 -0.006219
37.373737 -0.005431
37.878788 -0.004413
38.383838 -0.003253
38.888889 -0.002036
39.393939 -0.000843
39.898990 0.000259
40.404040 0.001215
40.909091 0.001985
41.414141 0.002546
41.919192 0.002888
42.424242 0.003018
42.929293 0.002952
43.434343 0.002718
43.939394 0.002350
44.444444 0.001886
44.949495 0.001364
45.454545 0.000823
45.959596 0.000297
46.464646 -0.000184
46.969697 -0.000597
47.474747 -0.000926
47.979798 -0.001160
48.484848 -0.001298
48.989899 -0.001342
49.494949 -0.001300
50.000000 -0.001187
