0.00 0
0.01 0
0.02 0
0.03 0
0.04 0
0.05 0
0.06 0
0.07 0
0.08 0
0.09 0
0.10 0
0.11 0
0.12 0
0.13 0
0.14 0
0.15 0
0.16 0
0.17 0
0.18 0
0.19 0
0.20 0
0.21 0
0.22 0
0.23 0
0.24 0
0.25 0
0.26 0
0.27 0
0.28 0
0.29 0
0.30 0
0.31 0
0.32 0
0.33 0
0.34 0
0.35 0
0.36 0
0.37 0
0.38 0
0.39 0
0.40 0
0.41 0
0.42 0
0.43 0
0.44 0
0.45 0
0.46 0
0.47 0
0.48 0
0.49 0
0.50 0
0.51 0
0.52 0
0.53 0
0.54 0
0.55 0
0.56 0
0.57 0
0.58 0
0.59 0
0.60 0
0.61 0
0.62 0
0.63 0
0.64 0
0.65 0
0.66 0
0.67 0
0.68 0
0.69 0
0.70 0
0.71 0
0.72 0
0.73 0
0.74 0
0.75 0
0.76 0
0.77 0
0.78 0
0.79 0
0.80 0
0.81 0
0.82 0
0.83 0
0.84 0
0.85 0
0.86 0
0.87 0
0.88 0
0.89 0
0.90 0
0.91 0
0.92 0
0.93 0
0.94 0
0.95 0
0.96 0
0.97 0
0.98 0
0.99 0
1.00 0
1.01 0
1.02 0
1.03 0
1.04 0
1.05 0
1.06 0
1.07 0
1.08 0
1.09 0
1.10 0
1.11 0
1.12 0
1.13 0
1.14 0
1.15 0
1.16 0
1.17 0
1.18 0
1.19 0
1.20 0
1.21 0
1.22 0
1.23 0
1.24 0
1.25 0
1.26 0
1.27 0
1.28 0
1.29 0
1.30 0
1.31 0
1.32 0
1.33 0
1.34 0
1.35 0
1.36 0
1.37 0
1.38 0
1.39 0
1.40 0
1.41 0
1.42 0
1.43 0
1.44 0
1.45 0
1.46 0
1.47 0
1.48 0
1.49 0
1.50 0
1.51 0
1.52 0
1.53 0
1.54 0
1.55 0
1.56 0
1.57 0
1.58 0
1.59 0
1.60 0
1.61 0
1.62 0
1.63 0
1.64 0
1.65 0
1.66 0
1.67 0
1.68 0
1.69 0
1.70 0
1.71 0
1.72 0
1.73 0
1.74 0
1.75 0
1.76 0
1.77 0
1.78 0
1.79 0
1.80 0
1.81 0
1.82 0
1.83 0
1.84 0
1.85 0
1.86 0
1.87 0
1.88 0
1.89 0
1.90 0
1.91 0
1.92 0
1.93 0
1.94 0
1.95 0
1.96 0
1.97 0
1.98 0
1.99 0
2.00 0
2.01 0
2.02 0
2.03 0
2.04 0
2.05 0
2.06 0
2.07 0
2.08 0
2.09 0
2.10 0
2.11 0
2.12 0
2.13 0
2.14 0
2.15 0
2.16 0
2.17 0
2.18 0
2.19 0
2.20 0
2.21 0
2.22 0
2.23 0
2.24 0
2.25 0
2.26 0
2.27 0
2.28 0
2.29 0
2.30 0
2.31 0
2.32 0
2.33 0
2.34 0
2.35 0
2.36 0
2.37 0
2.38 0
2.39 0
2.40 0
2.41 0
2.42 0
2.43 0
2.44 0
2.45 0
2.46 0
2.47 0
2.48 0
2.49 0
2.50 0
2.51 0
2.52 0
2.53 0
2.54 0
2.55 0
2.56 0
2.57 0
2.58 0
2.59 0
2.60 0
2.61 0
2.62 0
2.63 0
2.64 0
2.65 0
2.66 0
2.67 0
2.68 0
2.69 0
2.70 0
2.71 0
2.72 0
2.73 0
2.74 0
2.75 0
2.76 0
2.77 0
2.78 0
2.79 0
2.80 0
2.81 0
2.82 0
2.83 0
2.84 0
2.85 0
2.86 0
2.87 0
2.88 0
2.89 0
2.90 0
2.91 0
2.92 0
2.93 0
2.94 0
2.95 0
2.96 0
2.97 0
2.98 0
2.99 0
3.00 0
3.01 0
3.02 0
3.03 0
3.04 0
3.05 0
3.06 0
3.07 0
3.08 0
3.09 0
3.10 0
3.11 0
3.12 0
3.13 0
3.14 0
3.15 0
3.16 0
3.17 0
3.18 0
3.19 0
3.20 0
3.21 0
3.22 0
3.23 0
3.24 0
3.25 0
3.26 0
3.27 0
3.28 0
3.29 0
3.30 0
3.31 0
3.32 0
3.33 0
3.34 0
3.35 0
3.36 0
3.37 0
3.38 0
3.39 0
3.40 0
3.41 0
3.42 0
3.43 0
3.44 0
3.45 0
3.46 0
3.47 0
3.48 0
3.49 0
3.50 0
3.51 0
3.52 0
3.53 0
3.54 0
3.55 0
3.56 0
3.57 0
3.58 0
3.59 0
3.60 0
3.61 0
3.62 0
3.63 0
3.64 0
3.65 0
3.66 0
3.67 0
3.68 0
3.69 0
3.70 0
3.71 0
3.72 0
3.73 0
3.74 0
3.75 0
3.76 0
3.77 0
3.78 0
3.79 0
3.80 0
3.81 0
3.82 0
3.83 0
3.84 0
3.85 0
3.86 0
3.87 0
3.88 0
3.89 0
3.90 0
3.91 0
3.92 0
3.93 0
3.94 0
3.95 0
3.96 0
3.97 0
3.98 0
3.99 0
4.00 0
4.01 0
4.02 0
4.03 0
4.04 0
4.05 0
4.06 0
4.07 0
4.08 0
4.09 0
4.10 0
4.11 0
4.12 0
4.13 0
4.14 0
4.15 0
4.16 0
4.17 0
4.18 0
4.19 0
4.20 0
4.21 0
4.22 0
4.23 0
4.24 0
4.25 0
4.26 0
4.27 0
4.28 0
4.29 0
4.30 0
4.31 0
4.32 0
4.33 0
4.34 0
4.35 0
4.36 0
4.37 0
4.38 0
4.39 0
4.40 0
4.41 0
4.42 0
4.43 0
4.44 0
4.45 0
4.46 0
4.47 0
4.48 0
4.49 0
4.50 0
4.51 0
4.52 0
4.53 0
4.54 0
4.55 0
4.56 0
4.57 0
4.58 0
4.59 0
4.60 0
4.61 0
4.62 0
4.63 0
4.64 0
4.65 0
4.66 0
4.67 0
4.68 0
4.69 0
4.70 0
4.71 0
4.72 0
4.73 0
4.74 0
4.75 0
4.76 0
4.77 0
4.78 0
4.79 0
4.80 0
4.81 0
4.82 0
4.83 0
4.84 0
4.85 0
4.86 0
4.87 0
4.88 0
4.89 0
4.90 0
4.91 0
4.92 0
4.93 0
4.94 0
4.95 0
4.96 0
4.97 0
4.98 0
4.99 0
5.00 0
5.01 0
5.02 0
5.03 0
5.04 0
5.05 0
5.06 0
5.07 0
5.08 0
5.09 0
5.10 0
5.11 0
5.12 0
5.13 0
5.14 0
5.15 0
5.16 0
5.17 0
5.18 0
5.19 0
5.20 0
5.21 0
5.22 0
5.23 0
5.24 0
5.25 0
5.26 0
5.27 0
5.28 0
5.29 0
5.30 0
5.31 0
5.32 0
5.33 0
5.34 0
5.35 0
5.36 0
5.37 0
5.38 0
5.39 0
5.40 0
5.41 0
5.42 0
5.43 0
5.44 0
5.45 0
5.46 0
5.47 0
5.48 0
5.49 0
5.50 0
5.51 0
5.52 0
5.53 0
5.54 0
5.55 0
5.56 0
5.57 0
5.58 0
5.59 0
5.60 0
5.61 0
5.62 0
5.63 0
5.64 0
5.65 0
5.66 0
5.67 0
5.68 0
5.69 0
5.70 0
5.71 0
5.72 0
5.73 0
5.74 0
5.75 0
5.76 0
5.77 0
5.78 0
5.79 0
5.80 0
5.81 0
5.82 0
5.83 0
5.84 0
5.85 0
5.86 0
5.87 0
5.88 0
5.89 0
5.90 0
5.91 0
5.92 0
5.93 0
5.94 0
5.95 0
5.96 0
5.97 0
5.98 0
5.99 0
6.00 0
6.01 0
6.02 0
6.03 0
6.04 0
6.05 0
6.06 0
6.07 0
6.08 0
6.09 0
6.10 0
6.11 0
6.12 0
6.13 0
6.14 0
6.15 0
6.16 0
6.17 0
6.18 0
6.19 0
6.20 0
6.21 0
6.22 0
6.23 0
6.24 0
6.25 0
6.26 0
6.27 0
6.28 0
6.29 0
6.30 0
6.31 0
6.32 0
6.33 0
6.34 0
6.35 0
6.36 0
6.37 0
6.38 0
6.39 0
6.40 0
6.41 0
6.42 0
6.43 0
6.44 0
6.45 0
6.46 0
6.47 0
6.48 0
6.49 0
6.50 0
6.51 0
6.52 0
6.53 0
6.54 0
6.55 0
6.56 0
6.57 0
6.58 0
6.59 0
6.60 0
6.61 0
6.62 0
6.63 0
6.64 0
6.65 0
6.66 0
6.67 0
6.68 0
6.69 0
6.70 0
6.71 0
6.72 0
6.73 0
6.74 0
6.75 0
6.76 0
6.77 0
6.78 0
6.79 0
6.80 0
6.81 0
6.82 0
6.83 0
6.84 0
6.85 0
6.86 0
6.87 0
6.88 0
6.89 0
6.90 0
6.91 0
6.92 0
6.93 0
6.94 0
6.95 0
6.96 0
6.97 0
6.98 0
6.99 0
7.00 0
7.01 0
7.02 0
7.03 0
7.04 0
7.05 0
7.06 0
7.07 0
7.08 0
7.09 0
7.10 0
7.11 0
7.12 0
7.13 0
7.14 0
7.15 0
7.16 0
7.17 0
7.18 0
7.19 0
7.20 0
7.21 0
7.22 0
7.23 0
7.24 0
7.25 0
7.26 0
7.27 0
7.28 0
7.29 0
7.30 0
7.31 0
7.32 0
7.33 0
7.34 0
7.35 0
7.36 0
7.37 0
7.38 0
7.39 0
7.40 0
7.41 0
7.42 0
7.43 0
7.44 0
7.45 0
7.46 0
7.47 0
7.48 0
7.49 0
7.50 0
7.51 0
7.52 0
7.53 0
7.54 0
7.55 0
7.56 0
7.57 0
7.58 0
7.59 0
7.60 0
7.61 0
7.62 0
7.63 0
7.64 0
7.65 0
7.66 0
7.67 0
7.68 0
7.69 0
7.70 0
7.71 0
7.72 0
7.73 0
7.74 0
7.75 0
7.76 0
7.77 0
7.78 0
7.79 0
7.80 0
7.81 0
7.82 0
7.83 0
7.84 0
7.85 0
7.86 0
7.87 0
7.88 0
7.89 0
7.90 0
7.91 0
7.92 0
7.93 0
7.94 0
7.95 0
7.96 0
7.97 0
7.98 0
7.99 0
8.00 0
8.01 0
8.02 0
8.03 0
8.04 0
8.05 0
8.06 0
8.07 0
8.08 0
8.09 0
8.10 0
8.11 0
8.12 0
8.13 0
8.14 0
8.15 0
8.16 0
8.17 0
8.18 0
8.19 0
8.20 0
8.21 0
8.22 0
8.23 0
8.24 0
8.25 0
8.26 0
8.27 0
8.28 0
8.29 0
8.30 0
8.31 0
8.32 0
8.33 0
8.34 0
8.35 0
8.36 0
8.37 0
8.38 0
8.39 0
8.40 0
8.41 0
8.42 0
8.43 0
8.44 0
8.45 0
8.46 0
8.47 0
8.48 0
8.49 0
8.50 0
8.51 0
8.52 0
8.53 0
8.54 0
8.55 0
8.56 0
8.57 0
8.58 0
8.59 0
8.60 0
8.61 0
8.62 0
8.63 0
8.64 0
8.65 0
8.66 0
8.67 0
8.68 0
8.69 0
8.70 0
8.71 0
8.72 0
8.73 0
8.74 0
8.75 0
8.76 0
8.77 0
8.78 0
8.79 0
8.80 0
8.81 0
8.82 0
8.83 0
8.84 0
8.85 0
8.86 0
8.87 0
8.88 0
8.89 0
8.90 0
8.91 0
8.92 0
8.93 0
8.94 0
8.95 0
8.96 0
8.97 0
8.98 0
8.99 0
9.00 0
9.01 0
9.02 0
9.03 0
9.04 0
9.05 0
9.06 0
9.07 0
9.08 0
9.09 0
9.10 0
9.11 0
9.12 0
9.13 0
9.14 0
9.15 0
9.16 0
9.17 0
9.18 0
9.19 0
9.20 0
9.21 0
9.22 0
9.23 0
9.24 0
9.25 0
9.26 0
9.27 0
9.28 0
9.29 0
9.30 0
9.31 0
9.32 0
9.33 0
9.34 0
9.35 0
9.36 0
9.37 0
9.38 0
9.39 0
9.40 0
9.41 0
9.42 0
9.43 0
9.44 0
9.45 0
9.46 0
9.47 0
9.48 0
9.49 0
9.50 0
9.51 0
9.52 0
9.53 0
9.54 0
9.55 0
9.56 0
9.57 0
9.58 0
9.59 0
9.60 0
9.61 0
9.62 0
9.63 0
9.64 0
9.65 0
9.66 0
9.67 0
9.68 0
9.69 0
9.70 0
9.71 0
9.72 0
9.73 0
9.74 0
9.75 0
9.76 0
9.77 0
9.78 0
9.79 0
9.80 1
9.81 1
9.82 1
9.83 1
9.84 1
9.85 1
9.86 1
9.87 1
9.88 1
9.89 1
9.90 1
9.91 1
9.92 1
9.93 1
9.94 1
9.95 1
9.96 1
9.97 1
9.98 1
9.99 1
10.00 1
10.01 1
10.02 1
10.03 1
10.04 1
10.05 1
10.06 1
10.07 1
10.08 1
10.09 1
10.10 1
10.11 1
10.12 1
10.13 1
10.14 1
10.15 1
10.16 1
10.17 1
10.18 1
10.19 1
10.20 1
10.21 1
10.22 1
10.23 1
10.24 1
10.25 1
10.26 1
10.27 1
10.28 1
10.29 1
10.30 1
10.31 1
10.32 1
10.33 1
10.34 1
10.35 1
10.36 1
10.37 1
10.38 1
10.39 1
10.40 1
10.41 1
10.42 1
10.43 1
10.44 1
10.45 1
10.46 1
10.47 1
10.48 1
10.49 1
10.50 1
10.51 1
10.52 1
10.53 1
10.54 1
10.55 1
10.56 1
10.57 1
10.58 1
10.59 1
10.60 1
10.61 1
10.62 1
10.63 1
10.64 1
10.65 1
10.66 1
10.67 1
10.68 1
10.69 1
10.70 1
10.71 1
10.72 1
10.73 1
10.74 1
10.75 1
10.76 1
10.77 1
10.78 1
10.79 1
10.80 1
10.81 1
10.82 1
10.83 1
10.84 1
10.85 1
10.86 1
10.87 1
10.88 1
10.89 1
10.90 1
10.91 1
10.92 1
10.93 1
10.94 1
10.95 1
10.96 1
10.97 1
10.98 1
10.99 1
11.00 1
11.01 1
11.02 1
11.03 1
11.04 1
11.05 1
11.06 1
11.07 1
11.08 1
11.09 1
11.10 1
11.11 1
11.12 1
11.13 1
11.14 1
11.15 1
11.16 1
11.17 1
11.18 1
11.19 1
11.20 1
11.21 1
11.22 1
11.23 1
11.24 1
11.25 1
11.26 1
11.27 1
11.28 1
11.29 1
11.30 1
11.31 1
11.32 1
11.33 1
11.34 1
11.35 1
11.36 1
11.37 1
11.38 1
11.39 1
11.40 1
11.41 1
11.42 1
11.43 1
11.44 1
11.45 1
11.46 1
11.47 1
11.48 1
11.49 1
11.50 1
11.51 1
11.52 1
11.53 1
11.54 1
11.55 1
11.56 1
11.57 1
11.58 1
11.59 1
11.60 1
11.61 1
11.62 1
11.63 1
11.64 1
11.65 1
11.66 1
11.67 1
11.68 1
11.69 1
11.70 1
11.71 1
11.72 1
11.73 1
11.74 1
11.75 1
11.76 1
11.77 1
11.78 1
11.79 1
11.80 1
11.81 1
11.82 1
11.83 1
11.84 1
11.85 1
11.86 1
11.87 1
11.88 1
11.89 1
11.90 1
11.91 1
11.92 1
11.93 1
11.94 1
11.95 1
11.96 1
11.97 1
11.98 1
11.99 1
12.00 1
12.01 1
12.02 1
12.03 1
12.04 1
12.05 1
12.06 1
12.07 1
12.08 1
12.09 1
12.10 1
12.11 1
12.12 1
12.13 1
12.14 1
12.15 1
12.16 1
12.17 1
12.18 1
12.19 1
12.20 1
12.21 1
12.22 1
12.23 1
12.24 1
12.25 1
12.26 1
12.27 1
12.28 1
12.29 1
12.30 1
12.31 1
12.32 1
12.33 1
12.34 1
12.35 1
12.36 1
12.37 1
12.38 1
12.39 1
12.40 1
12.41 1
12.42 1
12.43 1
12.44 1
12.45 1
12.46 1
12.47 1
12.48 1
12.49 1
12.50 1
12.51 1
12.52 1
12.53 1
12.54 1
12.55 1
12.56 1
12.57 1
12.58 1
12.59 1
12.60 1
12.61 1
12.62 1
12.63 1
12.64 1
12.65 1
12.66 1
12.67 1
12.68 1
12.69 1
12.70 1
12.71 1
12.72 1
12.73 1
12.74 1
12.75 1
12.76 1
12.77 1
12.78 1
12.79 1
12.80 1
12.81 1
12.82 1
12.83 1
12.84 1
12.85 1
12.86 1
12.87 1
12.88 1
12.89 1
12.90 1
12.91 1
12.92 1
12.93 1
12.94 1
12.95 1
12.96 1
12.97 1
12.98 1
12.99 1
13.00 1
13.01 1
13.02 1
13.03 1
13.04 1
13.05 1
13.06 1
13.07 1
13.08 1
13.09 1
13.10 1
13.11 1
13.12 1
13.13 1
13.14 1
13.15 1
13.16 1
13.17 1
13.18 1
13.19 1
13.20 1
13.21 1
13.22 1
13.23 1
13.24 1
13.25 1
13.26 1
13.27 1
13.28 1
13.29 1
13.30 1
13.31 1
13.32 1
13.33 1
13.34 1
13.35 1
13.36 1
13.37 1
13.38 1
13.39 1
13.40 1
13.41 1
13.42 1
13.43 1
13.44 1
13.45 1
13.46 1
13.47 1
13.48 1
13.49 1
13.50 1
13.51 1
13.52 1
13.53 1
13.54 1
13.55 1
13.56 1
13.57 1
13.58 1
13.59 1
13.60 1
13.61 1
13.62 1
13.63 1
13.64 1
13.65 1
13.66 1
13.67 1
13.68 1
13.69 1
13.70 1
13.71 1
13.72 1
13.73 1
13.74 1
13.75 1
13.76 1
13.77 1
13.78 1
13.79 1
13.80 1
13.81 1
13.82 1
13.83 1
13.84 1
13.85 1
13.86 1
13.87 1
13.88 1
13.89 1
13.90 1
13.91 1
13.92 1
13.93 1
13.94 1
13.95 1
13.96 1
13.97 1
13.98 1
13.99 1
14.00 1
14.01 1
14.02 1
14.03 1
14.04 1
14.05 1
14.06 1
14.07 1
14.08 1
14.09 1
14.10 1
14.11 1
14.12 1
14.13 1
14.14 1
14.15 1
14.16 1
14.17 1
14.18 1
14.19 1
14.20 1
14.21 1
14.22 1
14.23 1
14.24 1
14.25 1
14.26 1
14.27 1
14.28 1
14.29 1
14.30 1
14.31 1
14.32 1
14.33 1
14.34 1
14.35 1
14.36 1
14.37 1
14.38 1
14.39 1
14.40 1
14.41 1
14.42 1
14.43 1
14.44 1
14.45 1
14.46 1
14.47 1
14.48 1
14.49 1
14.50 1
14.51 1
14.52 1
14.53 1
14.54 1
14.55 1
14.56 1
14.57 1
14.58 1
14.59 1
14.60 1
14.61 1
14.62 1
14.63 1
14.64 1
14.65 1
14.66 1
14.67 1
14.68 1
14.69 1
14.70 1
14.71 1
14.72 1
14.73 1
14.74 1
14.75 1
14.76 1
14.77 1
14.78 1
14.79 1
14.80 1
14.81 1
14.82 1
14.83 1
14.84 1
14.85 1
14.86 1
14.87 1
14.88 1
14.89 1
14.90 1
14.91 1
14.92 1
14.93 1
14.94 1
14.95 1
14.96 1
14.97 1
14.98 1
14.99 1
15.00 1
15.01 1
15.02 1
15.03 1
15.04 1
15.05 1
15.06 1
15.07 1
15.08 1
15.09 1
15.10 1
15.11 1
15.12 1
15.13 1
15.14 1
15.15 1
15.16 1
15.17 1
15.18 1
15.19 1
15.20 1
15.21 1
15.22 1
15.23 1
15.24 1
15.25 1
15.26 1
15.27 1
15.28 1
15.29 1
15.30 1
15.31 1
15.32 1
15.33 1
15.34 1
15.35 1
15.36 1
15.37 1
15.38 1
15.39 1
15.40 1
15.41 1
15.42 1
15.43 1
15.44 1
15.45 1
15.46 1
15.47 1
15.48 1
15.49 1
15.50 1
15.51 1
15.52 1
15.53 1
15.54 1
15.55 1
15.56 1
15.57 1
15.58 1
15.59 1
15.60 1
15.61 1
15.62 1
15.63 1
15.64 1
15.65 1
15.66 1
15.67 1
15.68 1
15.69 1
15.70 1
15.71 1
15.72 1
15.73 1
15.74 1
15.75 1
15.76 1
15.77 1
15.78 1
15.79 1
15.80 1
15.81 1
15.82 1
15.83 1
15.84 1
15.85 1
15.86 1
15.87 1
15.88 1
15.89 1
15.90 1
15.91 1
15.92 1
15.93 1
15.94 1
15.95 1
15.96 1
15.97 1
15.98 1
15.99 1
16.00 1
16.01 1
16.02 1
16.03 1
16.04 1
16.05 1
16.06 1
16.07 1
16.08 1
16.09 1
16.10 1
16.11 1
16.12 1
16.13 1
16.14 1
16.15 1
16.16 1
16.17 1
16.18 1
16.19 1
16.20 1
16.21 1
16.22 1
16.23 1
16.24 1
16.25 1
16.26 1
16.27 1
16.28 1
16.29 1
16.30 1
16.31 1
16.32 1
16.33 1
16.34 1
16.35 1
16.36 1
16.37 1
16.38 1
16.39 1
16.40 1
16.41 1
16.42 1
16.43 1
16.44 1
16.45 1
16.46 1
16.47 1
16.48 1
16.49 1
16.50 1
16.51 1
16.52 1
16.53 1
16.54 1
16.55 1
16.56 1
16.57 1
16.58 1
16.59 1
16.60 1
16.61 1
16.62 1
16.63 1
16.64 1
16.65 1
16.66 1
16.67 1
16.68 1
16.69 1
16.70 1
16.71 1
16.72 1
16.73 1
16.74 1
16.75 1
16.76 1
16.77 1
16.78 1
16.79 1
16.80 1
16.81 1
16.82 1
16.83 1
16.84 1
16.85 1
16.86 1
16.87 1
16.88 1
16.89 1
16.90 1
16.91 1
16.92 1
16.93 1
16.94 1
16.95 1
16.96 1
16.97 1
16.98 1
16.99 1
17.00 1
17.01 1
17.02 1
17.03 1
17.04 1
17.05 1
17.06 1
17.07 1
17.08 1
17.09 1
17.10 1
17.11 1
17.12 1
17.13 1
17.14 1
17.15 1
17.16 1
17.17 1
17.18 1
17.19 1
17.20 1
17.21 1
17.22 1
17.23 1
17.24 1
17.25 1
17.26 1
17.27 1
17.28 1
17.29 1
17.30 1
17.31 1
17.32 1
17.33 1
17.34 1
17.35 1
17.36 1
17.37 1
17.38 1
17.39 1
17.40 1
17.41 1
17.42 1
17.43 1
17.44 1
17.45 1
17.46 1
17.47 1
17.48 1
17.49 1
17.50 1
17.51 1
17.52 1
17.53 1
17.54 1
17.55 1
17.56 1
17.57 1
17.58 1
17.59 1
17.60 1
17.61 1
17.62 1
17.63 1
17.64 1
17.65 1
17.66 1
17.67 1
17.68 1
17.69 1
17.70 1
17.71 1
17.72 1
17.73 1
17.74 1
17.75 1
17.76 1
17.77 1
17.78 1
17.79 1
17.80 1
17.81 1
17.82 1
17.83 1
17.84 1
17.85 1
17.86 1
17.87 1
17.88 1
17.89 1
17.90 1
17.91 1
17.92 1
17.93 1
17.94 1
17.95 1
17.96 1
17.97 1
17.98 1
17.99 1
18.00 1
18.01 1
18.02 1
18.03 1
18.04 1
18.05 1
18.06 1
18.07 1
18.08 1
18.09 1
18.10 1
18.11 1
18.12 1
18.13 1
18.14 1
18.15 1
18.16 1
18.17 1
18.18 1
18.19 1
18.20 1
18.21 1
18.22 1
18.23 1
18.24 1
18.25 1
18.26 1
18.27 1
18.28 1
18.29 1
18.30 1
18.31 1
18.32 1
18.33 1
18.34 1
18.35 1
18.36 1
18.37 1
18.38 1
18.39 1
18.40 1
18.41 1
18.42 1
18.43 1
18.44 1
18.45 1
18.46 1
18.47 1
18.48 1
18.49 1
18.50 1
18.51 1
18.52 1
18.53 1
18.54 1
18.55 1
18.56 1
18.57 1
18.58 1
18.59 1
18.60 1
18.61 1
18.62 1
18.63 1
18.64 1
18.65 1
18.66 1
18.67 1
18.68 1
18.69 1
18.70 1
18.71 1
18.72 1
18.73 1
18.74 1
18.75 1
18.76 1
18.77 1
18.78 1
18.79 1
18.80 1
18.81 1
18.82 1
18.83 1
18.84 1
18.85 1
18.86 1
18.87 1
18.88 1
18.89 1
18.90 1
18.91 1
18.92 1
18.93 1
18.94 1
18.95 1
18.96 1
18.97 1
18.98 1
18.99 1
19.00 1
19.01 1
19.02 1
19.03 1
19.04 1
19.05 1
19.06 1
19.07 1
19.08 1
19.09 1
19.10 1
19.11 1
19.12 1
19.13 1
19.14 1
19.15 1
19.16 1
19.17 1
19.18 1
19.19 1
19.20 1
19.21 1
19.22 1
19.23 1
19.24 1
19.25 1
19.26 1
19.27 1
19.28 1
19.29 1
19.30 1
19.31 1
19.32 1
19.33 1
19.34 1
19.35 1
19.36 1
19.37 1
19.38 1
19.39 1
19.40 1
19.41 1
19.42 1
19.43 1
19.44 1
19.45 1
19.46 1
19.47 1
19.48 1
19.49 1
19.50 1
19.51 1
19.52 1
19.53 1
19.54 1
19.55 1
19.56 1
19.57 1
19.58 1
19.59 1
19.60 1
19.61 1
19.62 1
19.63 1
19.64 1
19.65 1
19.66 1
19.67 1
19.68 1
19.69 1
19.70 1
19.71 1
19.72 1
19.73 1
19.74 1
19.75 1
19.76 1
19.77 1
19.78 1
19.79 1
19.80 1
19.81 1
19.82 1
19.83 1
19.84 1
19.85 1
19.86 1
19.87 1
19.88 1
19.89 1
19.90 1
19.91 1
19.92 1
19.93 1
19.94 1
19.95 1
19.96 1
19.97 1
19.98 1
19.99 1
20.00 1
20.01 1
20.02 1
20.03 1
20.04 1
20.05 1
20.06 1
20.07 1
20.08 1
20.09 1
20.10 1
20.11 1
20.12 1
20.13 1
20.14 1
20.15 1
20.16 1
20.17 1
20.18 1
20.19 1
20.20 1
20.21 1
20.22 1
20.23 1
20.24 1
20.25 1
20.26 1
20.27 1
20.28 1
20.29 1
20.30 1
20.31 1
20.32 1
20.33 1
20.34 1
20.35 1
20.36 1
20.37 1
20.38 1
20.39 1
20.40 1
20.41 1
20.42 1
20.43 1
20.44 1
20.45 1
20.46 1
20.47 1
20.48 1
20.49 1
20.50 1
20.51 1
20.52 1
20.53 1
20.54 1
20.55 1
20.56 1
20.57 1
20.58 1
20.59 1
20.60 1
20.61 1
20.62 1
20.63 1
20.64 1
20.65 1
20.66 1
20.67 1
20.68 1
20.69 1
20.70 1
20.71 1
20.72 1
20.73 1
20.74 1
20.75 1
20.76 1
20.77 1
20.78 1
20.79 1
20.80 1
20.81 1
20.82 1
20.83 1
20.84 1
20.85 1
20.86 1
20.87 1
20.88 1
20.89 1
20.90 1
20.91 1
20.92 1
20.93 1
20.94 1
20.95 1
20.96 1
20.97 1
20.98 1
20.99 1
21.00 1
21.01 1
21.02 1
21.03 1
21.04 1
21.05 1
21.06 1
21.07 1
21.08 1
21.09 1
21.10 1
21.11 1
21.12 1
21.13 1
21.14 1
21.15 1
21.16 1
21.17 1
21.18 1
21.19 1
21.20 1
21.21 1
21.22 1
21.23 1
21.24 1
21.25 1
21.26 1
21.27 1
21.28 1
21.29 1
21.30 1
21.31 1
21.32 1
21.33 1
21.34 1
21.35 1
21.36 1
21.37 1
21.38 1
21.39 1
21.40 1
21.41 1
21.42 1
21.43 1
21.44 1
21.45 1
21.46 1
21.47 1
21.48 1
21.49 1
21.50 1
21.51 1
21.52 1
21.53 1
21.54 1
21.55 1
21.56 1
21.57 1
21.58 1
21.59 1
21.60 1
21.61 1
21.62 1
21.63 1
21.64 1
21.65 1
21.66 1
21.67 1
21.68 1
21.69 1
21.70 1
21.71 1
21.72 1
21.73 1
21.74 1
21.75 1
21.76 1
21.77 1
21.78 1
21.79 1
21.80 1
21.81 1
21.82 1
21.83 1
21.84 1
21.85 1
21.86 1
21.87 1
21.88 1
21.89 1
21.90 1
21.91 1
21.92 1
21.93 1
21.94 1
21.95 1
21.96 1
21.97 1
21.98 1
21.99 1
22.00 1
22.01 1
22.02 1
22.03 1
22.04 1
22.05 1
22.06 1
22.07 1
22.08 1
22.09 1
22.10 1
22.11 1
22.12 1
22.13 1
22.14 1
22.15 1
22.16 1
22.17 1
22.18 1
22.19 1
22.20 1
22.21 1
22.22 1
22.23 1
22.24 1
22.25 1
22.26 1
22.27 1
22.28 1
22.29 1
22.30 1
22.31 1
22.32 1
22.33 1
22.34 1
22.35 1
22.36 1
22.37 1
22.38 1
22.39 1
22.40 1
22.41 1
22.42 1
22.43 1
22.44 1
22.45 1
22.46 1
22.47 1
22.48 1
22.49 1
22.50 1
22.51 1
22.52 1
22.53 1
22.54 1
22.55 1
22.56 1
22.57 1
22.58 1
22.59 1
22.60 1
22.61 1
22.62 1
22.63 1
22.64 1
22.65 1
22.66 1
22.67 1
22.68 1
22.69 1
22.70 1
22.71 1
22.72 1
22.73 1
22.74 1
22.75 1
22.76 1
22.77 1
22.78 1
22.79 1
22.80 1
22.81 1
22.82 1
22.83 1
22.84 1
22.85 1
22.86 1
22.87 1
22.88 1
22.89 1
22.90 1
22.91 1
22.92 1
22.93 1
22.94 1
22.95 1
22.96 1
22.97 1
22.98 1
22.99 1
23.00 1
23.01 1
23.02 1
23.03 1
23.04 1
23.05 1
23.06 1
23.07 1
23.08 1
23.09 1
23.10 1
23.11 1
23.12 1
23.13 1
23.14 1
23.15 1
23.16 1
23.17 1
23.18 1
23.19 1
23.20 1
23.21 1
23.22 1
23.23 1
23.24 1
23.25 1
23.26 1
23.27 1
23.28 1
23.29 1
23.30 1
23.31 1
23.32 1
23.33 1
23.34 1
23.35 1
23.36 1
23.37 1
23.38 1
23.39 1
23.40 1
23.41 1
23.42 1
23.43 1
23.44 1
23.45 1
23.46 1
23.47 1
23.48 1
23.49 1
23.50 1
23.51 1
23.52 1
23.53 1
23.54 1
23.55 1
23.56 1
23.57 1
23.58 1
23.59 1
23.60 1
23.61 1
23.62 1
23.63 1
23.64 1
23.65 1
23.66 1
23.67 1
23.68 1
23.69 1
23.70 1
23.71 1
23.72 1
23.73 1
23.74 1
23.75 1
23.76 1
23.77 1
23.78 1
23.79 1
23.80 1
23.81 1
23.82 1
23.83 1
23.84 1
23.85 1
23.86 1
23.87 1
23.88 1
23.89 1
23.90 1
23.91 1
23.92 1
23.93 1
23.94 1
23.95 1
23.96 1
23.97 1
23.98 1
23.99 1
24.00 1
24.01 1
24.02 1
24.03 1
24.04 1
24.05 1
24.06 1
24.07 1
24.08 1
24.09 1
24.10 1
24.11 1
24.12 1
24.13 1
24.14 1
24.15 1
24.16 1
24.17 1
24.18 1
24.19 1
24.20 1
24.21 1
24.22 1
24.23 1
24.24 1
24.25 1
24.26 1
24.27 1
24.28 1
24.29 1
24.30 1
24.31 1
24.32 1
24.33 1
24.34 1
24.35 1
24.36 1
24.37 1
24.38 1
24.39 1
24.40 1
24.41 1
24.42 1
24.43 1
24.44 1
24.45 1
24.46 1
24.47 1
24.48 1
24.49 1
24.50 1
24.51 1
24.52 1
24.53 1
24.54 1
24.55 1
24.56 1
24.57 1
24.58 1
24.59 1
24.60 1
24.61 1
24.62 1
24.63 1
24.64 1
24.65 1
24.66 1
24.67 1
24.68 1
24.69 1
24.70 1
24.71 1
24.72 1
24.73 1
24.74 1
24.75 1
24.76 1
24.77 1
24.78 1
24.79 1
24.80 1
24.81 1
24.82 1
24.83 1
24.84 1
24.85 1
24.86 1
24.87 1
24.88 1
24.89 1
24.90 1
24.91 1
24.92 1
24.93 1
24.94 1
24.95 1
24.96 1
24.97 1
24.98 1
24.99 1
25.00 1
25.01 1
25.02 1
25.03 1
25.04 1
25.05 1
25.06 1
25.07 1
25.08 1
25.09 1
25.10 1
25.11 1
25.12 1
25.13 1
25.14 1
25.15 1
25.16 1
25.17 1
25.18 1
25.19 1
25.20 1
25.21 1
25.22 1
25.23 1
25.24 1
25.25 1
25.26 1
25.27 1
25.28 1
25.29 1
25.30 1
25.31 1
25.32 1
25.33 1
25.34 1
25.35 1
25.36 1
25.37 1
25.38 1
25.39 1
25.40 1
25.41 1
25.42 1
25.43 1
25.44 1
25.45 1
25.46 1
25.47 1
25.48 1
25.49 1
25.50 1
25.51 1
25.52 1
25.53 1
25.54 1
25.55 1
25.56 1
25.57 1
25.58 1
25.59 1
25.60 1
25.61 1
25.62 1
25.63 1
25.64 1
25.65 1
25.66 1
25.67 1
25.68 1
25.69 1
25.70 1
25.71 1
25.72 1
25.73 1
25.74 1
25.75 1
25.76 1
25.77 1
25.78 1
25.79 1
25.80 1
25.81 1
25.82 1
25.83 1
25.84 1
25.85 1
25.86 1
25.87 1
25.88 1
25.89 1
25.90 1
25.91 1
25.92 1
25.93 1
25.94 1
25.95 1
25.96 1
25.97 1
25.98 1
25.99 1
26.00 1
26.01 1
26.02 1
26.03 1
26.04 1
26.05 1
26.06 1
26.07 1
26.08 1
26.09 1
26.10 1
26.11 1
26.12 1
26.13 1
26.14 1
26.15 1
26.16 1
26.17 1
26.18 1
26.19 1
26.20 1
26.21 1
26.22 1
26.23 1
26.24 1
26.25 1
26.26 1
26.27 1
26.28 1
26.29 1
26.30 1
26.31 1
26.32 1
26.33 1
26.34 1
26.35 1
26.36 1
26.37 1
26.38 1
26.39 1
26.40 1
26.41 1
26.42 1
26.43 1
26.44 1
26.45 1
26.46 1
26.47 1
26.48 1
26.49 1
26.50 1
26.51 1
26.52 1
26.53 1
26.54 1
26.55 1
26.56 1
26.57 1
26.58 1
26.59 1
26.60 1
26.61 1
26.62 1
26.63 1
26.64 1
26.65 1
26.66 1
26.67 1
26.68 1
26.69 1
26.70 1
26.71 1
26.72 1
26.73 1
26.74 1
26.75 1
26.76 1
26.77 1
26.78 1
26.79 1
26.80 1
26.81 1
26.82 1
26.83 1
26.84 1
26.85 1
26.86 1
26.87 1
26.88 1
26.89 1
26.90 1
26.91 1
26.92 1
26.93 1
26.94 1
26.95 1
26.96 1
26.97 1
26.98 1
26.99 1
27.00 1
27.01 1
27.02 1
27.03 1
27.04 1
27.05 1
27.06 1
27.07 1
27.08 1
27.09 1
27.10 1
27.11 1
27.12 1
27.13 1
27.14 1
27.15 1
27.16 1
27.17 1
27.18 1
27.19 1
27.20 1
27.21 1
27.22 1
27.23 1
27.24 1
27.25 1
27.26 1
27.27 1
27.28 1
27.29 1
27.30 1
27.31 1
27.32 1
27.33 1
27.34 1
27.35 1
27.36 1
27.37 1
27.38 1
27.39 1
27.40 1
27.41 1
27.42 1
27.43 1
27.44 1
27.45 1
27.46 1
27.47 1
27.48 1
27.49 1
27.50 1
27.51 1
27.52 1
27.53 1
27.54 1
27.55 1
27.56 1
27.57 1
27.58 1
27.59 1
27.60 1
27.61 1
27.62 1
27.63 1
27.64 1
27.65 1
27.66 1
27.67 1
27.68 1
27.69 1
27.70 1
27.71 1
27.72 1
27.73 1
27.74 1
27.75 1
27.76 1
27.77 1
27.78 1
27.79 1
27.80 1
27.81 1
27.82 1
27.83 1
27.84 1
27.85 1
27.86 1
27.87 1
27.88 1
27.89 1
27.90 1
27.91 1
27.92 1
27.93 1
27.94 1
27.95 1
27.96 1
27.97 1
27.98 1
27.99 1
28.00 1
28.01 1
28.02 1
28.03 1
28.04 1
28.05 1
28.06 1
28.07 1
28.08 1
28.09 1
28.10 1
28.11 1
28.12 1
28.13 1
28.14 1
28.15 1
28.16 1
28.17 1
28.18 1
28.19 1
28.20 1
28.21 1
28.22 1
28.23 1
28.24 1
28.25 1
28.26 1
28.27 1
28.28 1
28.29 1
28.30 1
28.31 1
28.32 1
28.33 1
28.34 1
28.35 1
28.36 1
28.37 1
28.38 1
28.39 1
28.40 1
28.41 1
28.42 1
28.43 1
28.44 1
28.45 1
28.46 1
28.47 1
28.48 1
28.49 1
28.50 1
28.51 1
28.52 1
28.53 1
28.54 1
28.55 1
28.56 1
28.57 1
28.58 1
28.59 1
28.60 1
28.61 1
28.62 1
28.63 1
28.64 1
28.65 1
28.66 1
28.67 1
28.68 1
28.69 1
28.70 1
28.71 1
28.72 1
28.73 1
28.74 1
28.75 1
28.76 1
28.77 1
28.78 1
28.79 1
28.80 1
28.81 1
28.82 1
28.83 1
28.84 1
28.85 1
28.86 1
28.87 1
28.88 1
28.89 1
28.90 1
28.91 1
28.92 1
28.93 1
28.94 1
28.95 1
28.96 1
28.97 1
28.98 1
28.99 1
29.00 1
29.01 1
29.02 1
29.03 1
29.04 1
29.05 1
29.06 1
29.07 1
29.08 1
29.09 1
29.10 1
29.11 1
29.12 1
29.13 1
29.14 1
29.15 1
29.16 1
29.17 1
29.18 1
29.19 1
29.20 1
29.21 1
29.22 1
29.23 1
29.24 1
29.25 1
29.26 1
29.27 1
29.28 1
29.29 1
29.30 1
29.31 1
29.32 1
29.33 1
29.34 1
29.35 1
29.36 1
29.37 1
29.38 1
29.39 1
29.40 2
29.41 2
29.42 2
29.43 2
29.44 2
29.45 2
29.46 2
29.47 2
29.48 2
29.49 2
29.50 2
29.51 2
29.52 2
29.53 2
29.54 2
29.55 2
29.56 2
29.57 2
29.58 2
29.59 2
29.60 2
29.61 2
29.62 2
29.63 2
29.64 2
29.65 2
29.66 2
29.67 2
29.68 2
29.69 2
29.70 2
29.71 2
29.72 2
29.73 2
29.74 2
29.75 2
29.76 2
29.77 2
29.78 2
29.79 2
29.80 2
29.81 2
29.82 2
29.83 2
29.84 2
29.85 2
29.86 2
29.87 2
29.88 2
29.89 2
29.90 2
29.91 2
29.92 2
29.93 2
29.94 2
29.95 2
29.96 2
29.97 2
29.98 2
29.99 2
30.00 2
30.01 2
30.02 2
30.03 2
30.04 2
30.05 2
30.06 2
30.07 2
30.08 2
30.09 2
30.10 2
30.11 2
30.12 2
30.13 2
30.14 2
30.15 2
30.16 2
30.17 2
30.18 2
30.19 2
30.20 2
30.21 2
30.22 2
30.23 2
30.24 2
30.25 2
30.26 2
30.27 2
30.28 2
30.29 2
30.30 2
30.31 2
30.32 2
30.33 2
30.34 2
30.35 2
30.36 2
30.37 2
30.38 2
30.39 2
30.40 2
30.41 2
30.42 2
30.43 2
30.44 2
30.45 2
30.46 2
30.47 2
30.48 2
30.49 2
30.50 2
30.51 2
30.52 2
30.53 2
30.54 2
30.55 2
30.56 2
30.57 2
30.58 2
30.59 2
30.60 2
30.61 2
30.62 2
30.63 2
30.64 2
30.65 2
30.66 2
30.67 2
30.68 2
30.69 2
30.70 2
30.71 2
30.72 2
30.73 2
30.74 2
30.75 2
30.76 2
30.77 2
30.78 2
30.79 2
30.80 2
30.81 2
30.82 2
30.83 2
30.84 2
30.85 2
30.86 2
30.87 2
30.88 2
30.89 2
30.90 2
30.91 2
30.92 2
30.93 2
30.94 2
30.95 2
30.96 2
30.97 2
30.98 2
30.99 2
31.00 2
31.01 2
31.02 2
31.03 2
31.04 2
31.05 2
31.06 2
31.07 2
31.08 2
31.09 2
31.10 2
31.11 2
31.12 2
31.13 2
31.14 2
31.15 2
31.16 2
31.17 2
31.18 2
31.19 2
31.20 2
31.21 2
31.22 2
31.23 2
31.24 2
31.25 2
31.26 2
31.27 2
31.28 2
31.29 2
31.30 2
31.31 2
31.32 2
31.33 2
31.34 2
31.35 2
31.36 2
31.37 2
31.38 2
31.39 2
31.40 2
31.41 2
31.42 2
31.43 2
31.44 2
31.45 2
31.46 2
31.47 2
31.48 2
31.49 2
31.50 2
31.51 2
31.52 2
31.53 2
31.54 2
31.55 2
31.56 2
31.57 2
31.58 2
31.59 2
31.60 2
31.61 2
31.62 2
31.63 2
31.64 2
31.65 2
31.66 2
31.67 2
31.68 2
31.69 2
31.70 2
31.71 2
31.72 2
31.73 2
31.74 2
31.75 2
31.76 2
31.77 2
31.78 2
31.79 2
31.80 2
31.81 2
31.82 2
31.83 2
31.84 2
31.85 2
31.86 2
31.87 2
31.88 2
31.89 2
31.90 2
31.91 2
31.92 2
31.93 2
31.94 2
31.95 2
31.96 2
31.97 2
31.98 2
31.99 2
32.00 2
32.01 2
32.02 2
32.03 2
32.04 2
32.05 2
32.06 2
32.07 2
32.08 2
32.09 2
32.10 2
32.11 2
32.12 2
32.13 2
32.14 2
32.15 2
32.16 2
32.17 2
32.18 2
32.19 2
32.20 2
32.21 2
32.22 2
32.23 2
32.24 2
32.25 2
32.26 2
32.27 2
32.28 2
32.29 2
32.30 2
32.31 2
32.32 2
32.33 2
32.34 2
32.35 2
32.36 2
32.37 2
32.38 2
32.39 2
32.40 2
32.41 2
32.42 2
32.43 2
32.44 2
32.45 2
32.46 2
32.47 2
32.48 2
32.49 2
32.50 2
32.51 2
32.52 2
32.53 2
32.54 2
32.55 2
32.56 2
32.57 2
32.58 2
32.59 2
32.60 2
32.61 2
32.62 2
32.63 2
32.64 2
32.65 2
32.66 2
32.67 2
32.68 2
32.69 2
32.70 2
32.71 2
32.72 2
32.73 2
32.74 2
32.75 2
32.76 2
32.77 2
32.78 2
32.79 2
32.80 2
32.81 2
32.82 2
32.83 2
32.84 2
32.85 2
32.86 2
32.87 2
32.88 2
32.89 2
32.90 2
32.91 2
32.92 2
32.93 2
32.94 2
32.95 2
32.96 2
32.97 2
32.98 2
32.99 2
33.00 2
33.01 2
33.02 2
33.03 2
33.04 2
33.05 2
33.06 2
33.07 2
33.08 2
33.09 2
33.10 2
33.11 2
33.12 2
33.13 2
33.14 2
33.15 2
33.16 2
33.17 2
33.18 2
33.19 2
33.20 2
33.21 2
33.22 2
33.23 2
33.24 2
33.25 2
33.26 2
33.27 2
33.28 2
33.29 2
33.30 2
33.31 2
33.32 2
33.33 2
33.34 2
33.35 2
33.36 2
33.37 2
33.38 2
33.39 2
33.40 2
33.41 2
33.42 2
33.43 2
33.44 2
33.45 2
33.46 2
33.47 2
33.48 2
33.49 2
33.50 2
33.51 2
33.52 2
33.53 2
33.54 2
33.55 2
33.56 2
33.57 2
33.58 2
33.59 2
33.60 2
33.61 2
33.62 2
33.63 2
33.64 2
33.65 2
33.66 2
33.67 2
33.68 2
33.69 2
33.70 2
33.71 2
33.72 2
33.73 2
33.74 2
33.75 2
33.76 2
33.77 2
33.78 2
33.79 2
33.80 2
33.81 2
33.82 2
33.83 2
33.84 2
33.85 2
33.86 2
33.87 2
33.88 2
33.89 2
33.90 2
33.91 2
33.92 2
33.93 2
33.94 2
33.95 2
33.96 2
33.97 2
33.98 2
33.99 2
34.00 2
34.01 2
34.02 2
34.03 2
34.04 2
34.05 2
34.06 2
34.07 2
34.08 2
34.09 2
34.10 2
34.11 2
34.12 2
34.13 2
34.14 2
34.15 2
34.16 2
34.17 2
34.18 2
34.19 2
34.20 2
34.21 2
34.22 2
34.23 2
34.24 2
34.25 2
34.26 2
34.27 2
34.28 2
34.29 2
34.30 2
34.31 2
34.32 2
34.33 2
34.34 2
34.35 2
34.36 2
34.37 2
34.38 2
34.39 2
34.40 2
34.41 2
34.42 2
34.43 2
34.44 2
34.45 2
34.46 2
34.47 2
34.48 2
34.49 2
34.50 2
34.51 2
34.52 2
34.53 2
34.54 2
34.55 2
34.56 2
34.57 2
34.58 2
34.59 2
34.60 2
34.61 2
34.62 2
34.63 2
34.64 2
34.65 2
34.66 2
34.67 2
34.68 2
34.69 2
34.70 2
34.71 2
34.72 2
34.73 2
34.74 2
34.75 2
34.76 2
34.77 2
34.78 2
34.79 2
34.80 2
34.81 2
34.82 2
34.83 2
34.84 2
34.85 2
34.86 2
34.87 2
34.88 2
34.89 2
34.90 2
34.91 2
34.92 2
34.93 2
34.94 2
34.95 2
34.96 2
34.97 2
34.98 2
34.99 2
35.00 2
35.01 2
35.02 2
35.03 2
35.04 2
35.05 2
35.06 2
35.07 2
35.08 2
35.09 2
35.10 2
35.11 2
35.12 2
35.13 2
35.14 2
35.15 2
35.16 2
35.17 2
35.18 2
35.19 2
35.20 2
35.21 2
35.22 2
35.23 2
35.24 2
35.25 2
35.26 2
35.27 2
35.28 2
35.29 2
35.30 2
35.31 2
35.32 2
35.33 2
35.34 2
35.35 2
35.36 2
35.37 2
35.38 2
35.39 2
35.40 2
35.41 2
35.42 2
35.43 2
35.44 2
35.45 2
35.46 2
35.47 2
35.48 2
35.49 2
35.50 2
35.51 2
35.52 2
35.53 2
35.54 2
35.55 2
35.56 2
35.57 2
35.58 2
35.59 2
35.60 2
35.61 2
35.62 2
35.63 2
35.64 2
35.65 2
35.66 2
35.67 2
35.68 2
35.69 2
35.70 2
35.71 2
35.72 2
35.73 2
35.74 2
35.75 2
35.76 2
35.77 2
35.78 2
35.79 2
35.80 2
35.81 2
35.82 2
35.83 2
35.84 2
35.85 2
35.86 2
35.87 2
35.88 2
35.89 2
35.90 2
35.91 2
35.92 2
35.93 2
35.94 2
35.95 2
35.96 2
35.97 2
35.98 2
35.99 2
36.00 2
36.01 2
36.02 2
36.03 2
36.04 2
36.05 2
36.06 2
36.07 2
36.08 2
36.09 2
36.10 2
36.11 2
36.12 2
36.13 2
36.14 2
36.15 2
36.16 2
36.17 2
36.18 2
36.19 2
36.20 2
36.21 2
36.22 2
36.23 2
36.24 2
36.25 2
36.26 2
36.27 2
36.28 2
36.29 2
36.30 2
36.31 2
36.32 2
36.33 2
36.34 2
36.35 2
36.36 2
36.37 2
36.38 2
36.39 2
36.40 2
36.41 2
36.42 2
36.43 2
36.44 2
36.45 2
36.46 2
36.47 2
36.48 2
36.49 2
36.50 2
36.51 2
36.52 2
36.53 2
36.54 2
36.55 2
36.56 2
36.57 2
36.58 2
36.59 2
36.60 2
36.61 2
36.62 2
36.63 2
36.64 2
36.65 2
36.66 2
36.67 2
36.68 2
36.69 2
36.70 2
36.71 2
36.72 2
36.73 2
36.74 2
36.75 2
36.76 2
36.77 2
36.78 2
36.79 2
36.80 2
36.81 2
36.82 2
36.83 2
36.84 2
36.85 2
36.86 2
36.87 2
36.88 2
36.89 2
36.90 2
36.91 2
36.92 2
36.93 2
36.94 2
36.95 2
36.96 2
36.97 2
36.98 2
36.99 2
37.00 2
37.01 2
37.02 2
37.03 2
37.04 2
37.05 2
37.06 2
37.07 2
37.08 2
37.09 2
37.10 2
37.11 2
37.12 2
37.13 2
37.14 2
37.15 2
37.16 2
37.17 2
37.18 2
37.19 2
37.20 2
37.21 2
37.22 2
37.23 2
37.24 2
37.25 2
37.26 2
37.27 2
37.28 2
37.29 2
37.30 2
37.31 2
37.32 2
37.33 2
37.34 2
37.35 2
37.36 2
37.37 2
37.38 2
37.39 2
37.40 2
37.41 2
37.42 2
37.43 2
37.44 2
37.45 2
37.46 2
37.47 2
37.48 2
37.49 2
37.50 2
37.51 2
37.52 2
37.53 2
37.54 2
37.55 2
37.56 2
37.57 2
37.58 2
37.59 2
37.60 2
37.61 2
37.62 2
37.63 2
37.64 2
37.65 2
37.66 2
37.67 2
37.68 2
37.69 2
37.70 2
37.71 2
37.72 2
37.73 2
37.74 2
37.75 2
37.76 2
37.77 2
37.78 2
37.79 2
37.80 2
37.81 2
37.82 2
37.83 2
37.84 2
37.85 2
37.86 2
37.87 2
37.88 2
37.89 2
37.90 2
37.91 2
37.92 2
37.93 2
37.94 2
37.95 2
37.96 2
37.97 2
37.98 2
37.99 2
38.00 2
38.01 2
38.02 2
38.03 2
38.04 2
38.05 2
38.06 2
38.07 2
38.08 2
38.09 2
38.10 2
38.11 2
38.12 2
38.13 2
38.14 2
38.15 2
38.16 2
38.17 2
38.18 2
38.19 2
38.20 2
38.21 2
38.22 2
38.23 2
38.24 2
38.25 2
38.26 2
38.27 2
38.28 2
38.29 2
38.30 2
38.31 2
38.32 2
38.33 2
38.34 2
38.35 2
38.36 2
38.37 2
38.38 2
38.39 2
38.40 2
38.41 2
38.42 2
38.43 2
38.44 2
38.45 2
38.46 2
38.47 2
38.48 2
38.49 2
38.50 2
38.51 2
38.52 2
38.53 2
38.54 2
38.55 2
38.56 2
38.57 2
38.58 2
38.59 2
38.60 2
38.61 2
38.62 2
38.63 2
38.64 2
38.65 2
38.66 2
38.67 2
38.68 2
38.69 2
38.70 2
38.71 2
38.72 2
38.73 2
38.74 2
38.75 2
38.76 2
38.77 2
38.78 2
38.79 2
38.80 2
38.81 2
38.82 2
38.83 2
38.84 2
38.85 2
38.86 2
38.87 2
38.88 2
38.89 2
38.90 2
38.91 2
38.92 2
38.93 2
38.94 2
38.95 2
38.96 2
38.97 2
38.98 2
38.99 2
39.00 2
39.01 2
39.02 2
39.03 2
39.04 2
39.05 2
39.06 2
39.07 2
39.08 2
39.09 2
39.10 2
39.11 2
39.12 2
39.13 2
39.14 2
39.15 2
39.16 2
39.17 2
39.18 2
39.19 2
39.20 2
39.21 2
39.22 2
39.23 2
39.24 2
39.25 2
39.26 2
39.27 2
39.28 2
39.29 2
39.30 2
39.31 2
39.32 2
39.33 2
39.34 2
39.35 2
39.36 2
39.37 2
39.38 2
39.39 2
39.40 2
39.41 2
39.42 2
39.43 2
39.44 2
39.45 2
39.46 2
39.47 2
39.48 2
39.49 2
39.50 2
39.51 2
39.52 2
39.53 2
39.54 2
39.55 2
39.56 2
39.57 2
39.58 2
39.59 2
39.60 2
39.61 2
39.62 2
39.63 2
39.64 2
39.65 2
39.66 2
39.67 2
39.68 2
39.69 2
39.70 2
39.71 2
39.72 2
39.73 2
39.74 2
39.75 2
39.76 2
39.77 2
39.78 2
39.79 2
39.80 2
39.81 2
39.82 2
39.83 2
39.84 2
39.85 2
39.86 2
39.87 2
39.88 2
39.89 2
39.90 2
39.91 2
39.92 2
39.93 2
39.94 2
39.95 2
39.96 2
39.97 2
39.98 2
39.99 2
40.00 2
40.01 2
40.02 2
40.03 2
40.04 2
40.05 2
40.06 2
40.07 2
40.08 2
40.09 2
40.10 2
40.11 2
40.12 2
40.13 2
40.14 2
40.15 2
40.16 2
40.17 2
40.18 2
40.19 2
40.20 2
40.21 2
40.22 2
40.23 2
40.24 2
40.25 2
40.26 2
40.27 2
40.28 2
40.29 2
40.30 2
40.31 2
40.32 2
40.33 2
40.34 2
40.35 2
40.36 2
40.37 2
40.38 2
40.39 2
40.40 2
40.41 2
40.42 2
40.43 2
40.44 2
40.45 2
40.46 2
40.47 2
40.48 2
40.49 2
40.50 2
40.51 2
40.52 2
40.53 2
40.54 2
40.55 2
40.56 2
40.57 2
40.58 2
40.59 2
40.60 2
40.61 2
40.62 2
40.63 2
40.64 2
40.65 2
40.66 2
40.67 2
40.68 2
40.69 2
40.70 2
40.71 2
40.72 2
40.73 2
40.74 2
40.75 2
40.76 2
40.77 2
40.78 2
40.79 2
40.80 2
40.81 2
40.82 2
40.83 2
40.84 2
40.85 2
40.86 2
40.87 2
40.88 2
40.89 2
40.90 2
40.91 2
40.92 2
40.93 2
40.94 2
40.95 2
40.96 2
40.97 2
40.98 2
40.99 2
41.00 2
41.01 2
41.02 2
41.03 2
41.04 2
41.05 2
41.06 2
41.07 2
41.08 2
41.09 2
41.10 2
41.11 2
41.12 2
41.13 2
41.14 2
41.15 2
41.16 2
41.17 2
41.18 2
41.19 2
41.20 2
41.21 2
41.22 2
41.23 2
41.24 2
41.25 2
41.26 2
41.27 2
41.28 2
41.29 2
41.30 2
41.31 2
41.32 2
41.33 2
41.34 2
41.35 2
41.36 2
41.37 2
41.38 2
41.39 2
41.40 2
41.41 2
41.42 2
41.43 2
41.44 2
41.45 2
41.46 2
41.47 2
41.48 2
41.49 2
41.50 2
41.51 2
41.52 2
41.53 2
41.54 2
41.55 2
41.56 2
41.57 2
41.58 2
41.59 2
41.60 2
41.61 2
41.62 2
41.63 2
41.64 2
41.65 2
41.66 2
41.67 2
41.68 2
41.69 2
41.70 2
41.71 2
41.72 2
41.73 2
41.74 2
41.75 2
41.76 2
41.77 2
41.78 2
41.79 2
41.80 2
41.81 2
41.82 2
41.83 2
41.84 2
41.85 2
41.86 2
41.87 2
41.88 2
41.89 2
41.90 2
41.91 2
41.92 2
41.93 2
41.94 2
41.95 2
41.96 2
41.97 2
41.98 2
41.99 2
42.00 2
42.01 2
42.02 2
42.03 2
42.04 2
42.05 2
42.06 2
42.07 2
42.08 2
42.09 2
42.10 2
42.11 2
42.12 2
42.13 2
42.14 2
42.15 2
42.16 2
42.17 2
42.18 2
42.19 2
42.20 2
42.21 2
42.22 2
42.23 2
42.24 2
42.25 2
42.26 2
42.27 2
42.28 2
42.29 2
42.30 2
42.31 2
42.32 2
42.33 2
42.34 2
42.35 2
42.36 2
42.37 2
42.38 2
42.39 2
42.40 2
42.41 2
42.42 2
42.43 2
42.44 2
42.45 2
42.46 2
42.47 2
42.48 2
42.49 2
42.50 2
42.51 2
42.52 2
42.53 2
42.54 2
42.55 2
42.56 2
42.57 2
42.58 2
42.59 2
42.60 2
42.61 2
42.62 2
42.63 2
42.64 2
42.65 2
42.66 2
42.67 2
42.68 2
42.69 2
42.70 2
42.71 2
42.72 2
42.73 2
42.74 2
42.75 2
42.76 2
42.77 2
42.78 2
42.79 2
42.80 2
42.81 2
42.82 2
42.83 2
42.84 2
42.85 2
42.86 2
42.87 2
42.88 2
42.89 2
42.90 2
42.91 2
42.92 2
42.93 2
42.94 2
42.95 2
42.96 2
42.97 2
42.98 2
42.99 2
43.00 2
43.01 2
43.02 2
43.03 2
43.04 2
43.05 2
43.06 2
43.07 2
43.08 2
43.09 2
43.10 2
43.11 2
43.12 2
43.13 2
43.14 2
43.15 2
43.16 2
43.17 2
43.18 2
43.19 2
43.20 2
43.21 2
43.22 2
43.23 2
43.24 2
43.25 2
43.26 2
43.27 2
43.28 2
43.29 2
43.30 2
43.31 2
43.32 2
43.33 2
43.34 2
43.35 2
43.36 2
43.37 2
43.38 2
43.39 2
43.40 2
43.41 2
43.42 2
43.43 2
43.44 2
43.45 2
43.46 2
43.47 2
43.48 2
43.49 2
43.50 2
43.51 2
43.52 2
43.53 2
43.54 2
43.55 2
43.56 2
43.57 2
43.58 2
43.59 2
43.60 2
43.61 2
43.62 2
43.63 2
43.64 2
43.65 2
43.66 2
43.67 2
43.68 2
43.69 2
43.70 2
43.71 2
43.72 2
43.73 2
43.74 2
43.75 2
43.76 2
43.77 2
43.78 2
43.79 2
43.80 2
43.81 2
43.82 2
43.83 2
43.84 2
43.85 2
43.86 2
43.87 2
43.88 2
43.89 2
43.90 2
43.91 2
43.92 2
43.93 2
43.94 2
43.95 2
43.96 2
43.97 2
43.98 2
43.99 2
44.00 2
44.01 2
44.02 2
44.03 2
44.04 2
44.05 2
44.06 2
44.07 2
44.08 2
44.09 2
44.10 2
44.11 2
44.12 2
44.13 2
44.14 2
44.15 2
44.16 2
44.17 2
44.18 2
44.19 2
44.20 2
44.21 2
44.22 2
44.23 2
44.24 2
44.25 2
44.26 2
44.27 2
44.28 2
44.29 2
44.30 2
44.31 2
44.32 2
44.33 2
44.34 2
44.35 2
44.36 2
44.37 2
44.38 2
44.39 2
44.40 2
44.41 2
44.42 2
44.43 2
44.44 2
44.45 2
44.46 2
44.47 2
44.48 2
44.49 2
44.50 2
44.51 2
44.52 2
44.53 2
44.54 2
44.55 2
44.56 2
44.57 2
44.58 2
44.59 2
44.60 2
44.61 2
44.62 2
44.63 2
44.64 2
44.65 2
44.66 2
44.67 2
44.68 2
44.69 2
44.70 2
44.71 2
44.72 2
44.73 2
44.74 2
44.75 2
44.76 2
44.77 2
44.78 2
44.79 2
44.80 2
44.81 2
44.82 2
44.83 2
44.84 2
44.85 2
44.86 2
44.87 2
44.88 2
44.89 2
44.90 2
44.91 2
44.92 2
44.93 2
44.94 2
44.95 2
44.96 2
44.97 2
44.98 2
44.99 2
45.00 2
45.01 2
45.02 2
45.03 2
45.04 2
45.05 2
45.06 2
45.07 2
45.08 2
45.09 2
45.10 2
45.11 2
45.12 2
45.13 2
45.14 2
45.15 2
45.16 2
45.17 2
45.18 2
45.19 2
45.20 2
45.21 2
45.22 2
45.23 2
45.24 2
45.25 2
45.26 2
45.27 2
45.28 2
45.29 2
45.30 2
45.31 2
45.32 2
45.33 2
45.34 2
45.35 2
45.36 2
45.37 2
45.38 2
45.39 2
45.40 2
45.41 2
45.42 2
45.43 2
45.44 2
45.45 2
45.46 2
45.47 2
45.48 2
45.49 2
45.50 2
45.51 2
45.52 2
45.53 2
45.54 2
45.55 2
45.56 2
45.57 2
45.58 2
45.59 2
45.60 2
45.61 2
45.62 2
45.63 2
45.64 2
45.65 2
45.66 2
45.67 2
45.68 2
45.69 2
45.70 2
45.71 2
45.72 2
45.73 2
45.74 2
45.75 2
45.76 2
45.77 2
45.78 2
45.79 2
45.80 2
45.81 2
45.82 2
45.83 2
45.84 2
45.85 2
45.86 2
45.87 2
45.88 2
45.89 2
45.90 2
45.91 2
45.92 2
45.93 2
45.94 2
45.95 2
45.96 2
45.97 2
45.98 2
45.99 2
46.00 2
46.01 2
46.02 2
46.03 2
46.04 2
46.05 2
46.06 2
46.07 2
46.08 2
46.09 2
46.10 2
46.11 2
46.12 2
46.13 2
46.14 2
46.15 2
46.16 2
46.17 2
46.18 2
46.19 2
46.20 2
46.21 2
46.22 2
46.23 2
46.24 2
46.25 2
46.26 2
46.27 2
46.28 2
46.29 2
46.30 2
46.31 2
46.32 2
46.33 2
46.34 2
46.35 2
46.36 2
46.37 2
46.38 2
46.39 2
46.40 2
46.41 2
46.42 2
46.43 2
46.44 2
46.45 2
46.46 2
46.47 2
46.48 2
46.49 2
46.50 2
46.51 2
46.52 2
46.53 2
46.54 2
46.55 2
46.56 2
46.57 2
46.58 2
46.59 2
46.60 2
46.61 2
46.62 2
46.63 2
46.64 2
46.65 2
46.66 2
46.67 2
46.68 2
46.69 2
46.70 2
46.71 2
46.72 2
46.73 2
46.74 2
46.75 2
46.76 2
46.77 2
46.78 2
46.79 2
46.80 2
46.81 2
46.82 2
46.83 2
46.84 2
46.85 2
46.86 2
46.87 2
46.88 2
46.89 2
46.90 2
46.91 2
46.92 2
46.93 2
46.94 2
46.95 2
46.96 2
46.97 2
46.98 2
46.99 2
47.00 2
47.01 2
47.02 2
47.03 2
47.04 2
47.05 2
47.06 2
47.07 2
47.08 2
47.09 2
47.10 2
47.11 2
47.12 2
47.13 2
47.14 2
47.15 2
47.16 2
47.17 2
47.18 2
47.19 2
47.20 2
47.21 2
47.22 2
47.23 2
47.24 2
47.25 2
47.26 2
47.27 2
47.28 2
47.29 2
47.30 2
47.31 2
47.32 2
47.33 2
47.34 2
47.35 2
47.36 2
47.37 2
47.38 2
47.39 2
47.40 2
47.41 2
47.42 2
47.43 2
47.44 2
47.45 2
47.46 2
47.47 2
47.48 2
47.49 2
47.50 2
47.51 2
47.52 2
47.53 2
47.54 2
47.55 2
47.56 2
47.57 2
47.58 2
47.59 2
47.60 2
47.61 2
47.62 2
47.63 2
47.64 2
47.65 2
47.66 2
47.67 2
47.68 2
47.69 2
47.70 2
47.71 2
47.72 2
47.73 2
47.74 2
47.75 2
47.76 2
47.77 2
47.78 2
47.79 2
47.80 2
47.81 2
47.82 2
47.83 2
47.84 2
47.85 2
47.86 2
47.87 2
47.88 2
47.89 2
47.90 2
47.91 2
47.92 2
47.93 2
47.94 2
47.95 2
47.96 2
47.97 2
47.98 2
47.99 2
48.00 2
48.01 2
48.02 2
48.03 2
48.04 2
48.05 2
48.06 2
48.07 2
48.08 2
48.09 2
48.10 2
48.11 2
48.12 2
48.13 2
48.14 2
48.15 2
48.16 2
48.17 2
48.18 2
48.19 2
48.20 2
48.21 2
48.22 2
48.23 2
48.24 2
48.25 2
48.26 2
48.27 2
48.28 2
48.29 2
48.30 2
48.31 2
48.32 2
48.33 2
48.34 2
48.35 2
48.36 2
48.37 2
48.38 2
48.39 2
48.40 2
48.41 2
48.42 2
48.43 2
48.44 2
48.45 2
48.46 2
48.47 2
48.48 2
48.49 2
48.50 2
48.51 2
48.52 2
48.53 2
48.54 2
48.55 2
48.56 2
48.57 2
48.58 2
48.59 2
48.60 2
48.61 2
48.62 2
48.63 2
48.64 2
48.65 2
48.66 2
48.67 2
48.68 2
48.69 2
48.70 2
48.71 2
48.72 2
48.73 2
48.74 2
48.75 2
48.76 2
48.77 2
48.78 2
48.79 2
48.80 2
48.81 2
48.82 2
48.83 2
48.84 2
48.85 2
48.86 2
48.87 2
48.88 2
48.89 2
48.90 2
48.91 2
48.92 2
48.93 2
48.94 2
48.95 2
48.96 2
48.97 2
48.98 2
48.99 2
49.00 2
49.01 3
49.02 3
49.03 3
49.04 3
49.05 3
49.06 3
49.07 3
49.08 3
49.09 3
49.10 3
49.11 3
49.12 3
49.13 3
49.14 3
49.15 3
49.16 3
49.17 3
49.18 3
49.19 3
49.20 3
49.21 3
49.22 3
49.23 3
49.24 3
49.25 3
49.26 3
49.27 3
49.28 3
49.29 3
49.30 3
49.31 3
49.32 3
49.33 3
49.34 3
49.35 3
49.36 3
49.37 3
49.38 3
49.39 3
49.40 3
49.41 3
49.42 3
49.43 3
49.44 3
49.45 3
49.46 3
49.47 3
49.48 3
49.49 3
49.50 3
49.51 3
49.52 3
49.53 3
49.54 3
49.55 3
49.56 3
49.57 3
49.58 3
49.59 3
49.60 3
49.61 3
49.62 3
49.63 3
49.64 3
49.65 3
49.66 3
49.67 3
49.68 3
49.69 3
49.70 3
49.71 3
49.72 3
49.73 3
49.74 3
49.75 3
49.76 3
49.77 3
49.78 3
49.79 3
49.80 3
49.81 3
49.82 3
49.83 3
49.84 3
49.85 3
49.86 3
49.87 3
49.88 3
49.89 3
49.90 3
49.91 3
49.92 3
49.93 3
49.94 3
49.95 3
49.96 3
49.97 3
49.98 3
49.99 3
50.00 3
50.01 3
50.02 3
50.03 3
50.04 3
50.05 3
50.06 3
50.07 3
50.08 3
50.09 3
50.10 3
50.11 3
50.12 3
50.13 3
50.14 3
50.15 3
50.16 3
50.17 3
50.18 3
50.19 3
50.20 3
50.21 3
50.22 3
50.23 3
50.24 3
50.25 3
50.26 3
50.27 3
50.28 3
50.29 3
50.30 3
50.31 3
50.32 3
50.33 3
50.34 3
50.35 3
50.36 3
50.37 3
50.38 3
50.39 3
50.40 3
50.41 3
50.42 3
50.43 3
50.44 3
50.45 3
50.46 3
50.47 3
50.48 3
50.49 3
50.50 3
50.51 3
50.52 3
50.53 3
50.54 3
50.55 3
50.56 3
50.57 3
50.58 3
50.59 3
50.60 3
50.61 3
50.62 3
50.63 3
50.64 3
50.65 3
50.66 3
50.67 3
50.68 3
50.69 3
50.70 3
50.71 3
50.72 3
50.73 3
50.74 3
50.75 3
50.76 3
50.77 3
50.78 3
50.79 3
50.80 3
50.81 3
50.82 3
50.83 3
50.84 3
50.85 3
50.86 3
50.87 3
50.88 3
50.89 3
50.90 3
50.91 3
50.92 3
50.93 3
50.94 3
50.95 3
50.96 3
50.97 3
50.98 3
50.99 3
51.00 3
51.01 3
51.02 3
51.03 3
51.04 3
51.05 3
51.06 3
51.07 3
51.08 3
51.09 3
51.10 3
51.11 3
51.12 3
51.13 3
51.14 3
51.15 3
51.16 3
51.17 3
51.18 3
51.19 3
51.20 3
51.21 3
51.22 3
51.23 3
51.24 3
51.25 3
51.26 3
51.27 3
51.28 3
51.29 3
51.30 3
51.31 3
51.32 3
51.33 3
51.34 3
51.35 3
51.36 3
51.37 3
51.38 3
51.39 3
51.40 3
51.41 3
51.42 3
51.43 3
51.44 3
51.45 3
51.46 3
51.47 3
51.48 3
51.49 3
51.50 3
51.51 3
51.52 3
51.53 3
51.54 3
51.55 3
51.56 3
51.57 3
51.58 3
51.59 3
51.60 3
51.61 3
51.62 3
51.63 3
51.64 3
51.65 3
51.66 3
51.67 3
51.68 3
51.69 3
51.70 3
51.71 3
51.72 3
51.73 3
51.74 3
51.75 3
51.76 3
51.77 3
51.78 3
51.79 3
51.80 3
51.81 3
51.82 3
51.83 3
51.84 3
51.85 3
51.86 3
51.87 3
51.88 3
51.89 3
51.90 3
51.91 3
51.92 3
51.93 3
51.94 3
51.95 3
51.96 3
51.97 3
51.98 3
51.99 3
52.00 3
52.01 3
52.02 3
52.03 3
52.04 3
52.05 3
52.06 3
52.07 3
52.08 3
52.09 3
52.10 3
52.11 3
52.12 3
52.13 3
52.14 3
52.15 3
52.16 3
52.17 3
52.18 3
52.19 3
52.20 3
52.21 3
52.22 3
52.23 3
52.24 3
52.25 3
52.26 3
52.27 3
52.28 3
52.29 3
52.30 3
52.31 3
52.32 3
52.33 3
52.34 3
52.35 3
52.36 3
52.37 3
52.38 3
52.39 3
52.40 3
52.41 3
52.42 3
52.43 3
52.44 3
52.45 3
52.46 3
52.47 3
52.48 3
52.49 3
52.50 3
52.51 3
52.52 3
52.53 3
52.54 3
52.55 3
52.56 3
52.57 3
52.58 3
52.59 3
52.60 3
52.61 3
52.62 3
52.63 3
52.64 3
52.65 3
52.66 3
52.67 3
52.68 3
52.69 3
52.70 3
52.71 3
52.72 3
52.73 3
52.74 3
52.75 3
52.76 3
52.77 3
52.78 3
52.79 3
52.80 3
52.81 3
52.82 3
52.83 3
52.84 3
52.85 3
52.86 3
52.87 3
52.88 3
52.89 3
52.90 3
52.91 3
52.92 3
52.93 3
52.94 3
52.95 3
52.96 3
52.97 3
52.98 3
52.99 3
53.00 3
53.01 3
53.02 3
53.03 3
53.04 3
53.05 3
53.06 3
53.07 3
53.08 3
53.09 3
53.10 3
53.11 3
53.12 3
53.13 3
53.14 3
53.15 3
53.16 3
53.17 3
53.18 3
53.19 3
53.20 3
53.21 3
53.22 3
53.23 3
53.24 3
53.25 3
53.26 3
53.27 3
53.28 3
53.29 3
53.30 3
53.31 3
53.32 3
53.33 3
53.34 3
53.35 3
53.36 3
53.37 3
53.38 3
53.39 3
53.40 3
53.41 3
53.42 3
53.43 3
53.44 3
53.45 3
53.46 3
53.47 3
53.48 3
53.49 3
53.50 3
53.51 3
53.52 3
53.53 3
53.54 3
53.55 3
53.56 3
53.57 3
53.58 3
53.59 3
53.60 3
53.61 3
53.62 3
53.63 3
53.64 3
53.65 3
53.66 3
53.67 3
53.68 3
53.69 3
53.70 3
53.71 3
53.72 3
53.73 3
53.74 3
53.75 3
53.76 3
53.77 3
53.78 3
53.79 3
53.80 3
53.81 3
53.82 3
53.83 3
53.84 3
53.85 3
53.86 3
53.87 3
53.88 3
53.89 3
53.90 3
53.91 3
53.92 3
53.93 3
53.94 3
53.95 3
53.96 3
53.97 3
53.98 3
53.99 3
54.00 3
54.01 3
54.02 3
54.03 3
54.04 3
54.05 3
54.06 3
54.07 3
54.08 3
54.09 3
54.10 3
54.11 3
54.12 3
54.13 3
54.14 3
54.15 3
54.16 3
54.17 3
54.18 3
54.19 3
54.20 3
54.21 3
54.22 3
54.23 3
54.24 3
54.25 3
54.26 3
54.27 3
54.28 3
54.29 3
54.30 3
54.31 3
54.32 3
54.33 3
54.34 3
54.35 3
54.36 3
54.37 3
54.38 3
54.39 3
54.40 3
54.41 3
54.42 3
54.43 3
54.44 3
54.45 3
54.46 3
54.47 3
54.48 3
54.49 3
54.50 3
54.51 3
54.52 3
54.53 3
54.54 3
54.55 3
54.56 3
54.57 3
54.58 3
54.59 3
54.60 3
54.61 3
54.62 3
54.63 3
54.64 3
54.65 3
54.66 3
54.67 3
54.68 3
54.69 3
54.70 3
54.71 3
54.72 3
54.73 3
54.74 3
54.75 3
54.76 3
54.77 3
54.78 3
54.79 3
54.80 3
54.81 3
54.82 3
54.83 3
54.84 3
54.85 3
54.86 3
54.87 3
54.88 3
54.89 3
54.90 3
54.91 3
54.92 3
54.93 3
54.94 3
54.95 3
54.96 3
54.97 3
54.98 3
54.99 3
55.00 3
55.01 3
55.02 3
55.03 3
55.04 3
55.05 3
55.06 3
55.07 3
55.08 3
55.09 3
55.10 3
55.11 3
55.12 3
55.13 3
55.14 3
55.15 3
55.16 3
55.17 3
55.18 3
55.19 3
55.20 3
55.21 3
55.22 3
55.23 3
55.24 3
55.25 3
55.26 3
55.27 3
55.28 3
55.29 3
55.30 3
55.31 3
55.32 3
55.33 3
55.34 3
55.35 3
55.36 3
55.37 3
55.38 3
55.39 3
55.40 3
55.41 3
55.42 3
55.43 3
55.44 3
55.45 3
55.46 3
55.47 3
55.48 3
55.49 3
55.50 3
55.51 3
55.52 3
55.53 3
55.54 3
55.55 3
55.56 3
55.57 3
55.58 3
55.59 3
55.60 3
55.61 3
55.62 3
55.63 3
55.64 3
55.65 3
55.66 3
55.67 3
55.68 3
55.69 3
55.70 3
55.71 3
55.72 3
55.73 3
55.74 3
55.75 3
55.76 3
55.77 3
55.78 3
55.79 3
55.80 3
55.81 3
55.82 3
55.83 3
55.84 3
55.85 3
55.86 3
55.87 3
55.88 3
55.89 3
55.90 3
55.91 3
55.92 3
55.93 3
55.94 3
55.95 3
55.96 3
55.97 3
55.98 3
55.99 3
56.00 3
56.01 3
56.02 3
56.03 3
56.04 3
56.05 3
56.06 3
56.07 3
56.08 3
56.09 3
56.10 3
56.11 3
56.12 3
56.13 3
56.14 3
56.15 3
56.16 3
56.17 3
56.18 3
56.19 3
56.20 3
56.21 3
56.22 3
56.23 3
56.24 3
56.25 3
56.26 3
56.27 3
56.28 3
56.29 3
56.30 3
56.31 3
56.32 3
56.33 3
56.34 3
56.35 3
56.36 3
56.37 3
56.38 3
56.39 3
56.40 3
56.41 3
56.42 3
56.43 3
56.44 3
56.45 3
56.46 3
56.47 3
56.48 3
56.49 3
56.50 3
56.51 3
56.52 3
56.53 3
56.54 3
56.55 3
56.56 3
56.57 3
56.58 3
56.59 3
56.60 3
56.61 3
56.62 3
56.63 3
56.64 3
56.65 3
56.66 3
56.67 3
56.68 3
56.69 3
56.70 3
56.71 3
56.72 3
56.73 3
56.74 3
56.75 3
56.76 3
56.77 3
56.78 3
56.79 3
56.80 3
56.81 3
56.82 3
56.83 3
56.84 3
56.85 3
56.86 3
56.87 3
56.88 3
56.89 3
56.90 3
56.91 3
56.92 3
56.93 3
56.94 3
56.95 3
56.96 3
56.97 3
56.98 3
56.99 3
57.00 3
57.01 3
57.02 3
57.03 3
57.04 3
57.05 3
57.06 3
57.07 3
57.08 3
57.09 3
57.10 3
57.11 3
57.12 3
57.13 3
57.14 3
57.15 3
57.16 3
57.17 3
57.18 3
57.19 3
57.20 3
57.21 3
57.22 3
57.23 3
57.24 3
57.25 3
57.26 3
57.27 3
57.28 3
57.29 3
57.30 3
57.31 3
57.32 3
57.33 3
57.34 3
57.35 3
57.36 3
57.37 3
57.38 3
57.39 3
57.40 3
57.41 3
57.42 3
57.43 3
57.44 3
57.45 3
57.46 3
57.47 3
57.48 3
57.49 3
57.50 3
57.51 3
57.52 3
57.53 3
57.54 3
57.55 3
57.56 3
57.57 3
57.58 3
57.59 3
57.60 3
57.61 3
57.62 3
57.63 3
57.64 3
57.65 3
57.66 3
57.67 3
57.68 3
57.69 3
57.70 3
57.71 3
57.72 3
57.73 3
57.74 3
57.75 3
57.76 3
57.77 3
57.78 3
57.79 3
57.80 3
57.81 3
57.82 3
57.83 3
57.84 3
57.85 3
57.86 3
57.87 3
57.88 3
57.89 3
57.90 3
57.91 3
57.92 3
57.93 3
57.94 3
57.95 3
57.96 3
57.97 3
57.98 3
57.99 3
58.00 3
58.01 3
58.02 3
58.03 3
58.04 3
58.05 3
58.06 3
58.07 3
58.08 3
58.09 3
58.10 3
58.11 3
58.12 3
58.13 3
58.14 3
58.15 3
58.16 3
58.17 3
58.18 3
58.19 3
58.20 3
58.21 3
58.22 3
58.23 3
58.24 3
58.25 3
58.26 3
58.27 3
58.28 3
58.29 3
58.30 3
58.31 3
58.32 3
58.33 3
58.34 3
58.35 3
58.36 3
58.37 3
58.38 3
58.39 3
58.40 3
58.41 3
58.42 3
58.43 3
58.44 3
58.45 3
58.46 3
58.47 3
58.48 3
58.49 3
58.50 3
58.51 3
58.52 3
58.53 3
58.54 3
58.55 3
58.56 3
58.57 3
58.58 3
58.59 3
58.60 3
58.61 3
58.62 3
58.63 3
58.64 3
58.65 3
58.66 3
58.67 3
58.68 3
58.69 3
58.70 3
58.71 3
58.72 3
58.73 3
58.74 3
58.75 3
58.76 3
58.77 3
58.78 3
58.79 3
58.80 3
58.81 3
58.82 3
58.83 3
58.84 3
58.85 3
58.86 3
58.87 3
58.88 3
58.89 3
58.90 3
58.91 3
58.92 3
58.93 3
58.94 3
58.95 3
58.96 3
58.97 3
58.98 3
58.99 3
59.00 3
59.01 3
59.02 3
59.03 3
59.04 3
59.05 3
59.06 3
59.07 3
59.08 3
59.09 3
59.10 3
59.11 3
59.12 3
59.13 3
59.14 3
59.15 3
59.16 3
59.17 3
59.18 3
59.19 3
59.20 3
59.21 3
59.22 3
59.23 3
59.24 3
59.25 3
59.26 3
59.27 3
59.28 3
59.29 3
59.30 3
59.31 3
59.32 3
59.33 3
59.34 3
59.35 3
59.36 3
59.37 3
59.38 3
59.39 3
59.40 3
59.41 3
59.42 3
59.43 3
59.44 3
59.45 3
59.46 3
59.47 3
59.48 3
59.49 3
59.50 3
59.51 3
59.52 3
59.53 3
59.54 3
59.55 3
59.56 3
59.57 3
59.58 3
59.59 3
59.60 3
59.61 3
59.62 3
59.63 3
59.64 3
59.65 3
59.66 3
59.67 3
59.68 3
59.69 3
59.70 3
59.71 3
59.72 3
59.73 3
59.74 3
59.75 3
59.76 3
59.77 3
59.78 3
59.79 3
59.80 3
59.81 3
59.82 3
59.83 3
59.84 3
59.85 3
59.86 3
59.87 3
59.88 3
59.89 3
59.90 3
59.91 3
59.92 3
59.93 3
59.94 3
59.95 3
59.96 3
59.97 3
59.98 3
59.99 3
60.00 3
60.01 3
60.02 3
60.03 3
60.04 3
60.05 3
60.06 3
60.07 3
60.08 3
60.09 3
60.10 3
60.11 3
60.12 3
60.13 3
60.14 3
60.15 3
60.16 3
60.17 3
60.18 3
60.19 3
60.20 3
60.21 3
60.22 3
60.23 3
60.24 3
60.25 3
60.26 3
60.27 3
60.28 3
60.29 3
60.30 3
60.31 3
60.32 3
60.33 3
60.34 3
60.35 3
60.36 3
60.37 3
60.38 3
60.39 3
60.40 3
60.41 3
60.42 3
60.43 3
60.44 3
60.45 3
60.46 3
60.47 3
60.48 3
60.49 3
60.50 3
60.51 3
60.52 3
60.53 3
60.54 3
60.55 3
60.56 3
60.57 3
60.58 3
60.59 3
60.60 3
60.61 3
60.62 3
60.63 3
60.64 3
60.65 3
60.66 3
60.67 3
60.68 3
60.69 3
60.70 3
60.71 3
60.72 3
60.73 3
60.74 3
60.75 3
60.76 3
60.77 3
60.78 3
60.79 3
60.80 3
60.81 3
60.82 3
60.83 3
60.84 3
60.85 3
60.86 3
60.87 3
60.88 3
60.89 3
60.90 3
60.91 3
60.92 3
60.93 3
60.94 3
60.95 3
60.96 3
60.97 3
60.98 3
60.99 3
61.00 3
61.01 3
61.02 3
61.03 3
61.04 3
61.05 3
61.06 3
61.07 3
61.08 3
61.09 3
61.10 3
61.11 3
61.12 3
61.13 3
61.14 3
61.15 3
61.16 3
61.17 3
61.18 3
61.19 3
61.20 3
61.21 3
61.22 3
61.23 3
61.24 3
61.25 3
61.26 3
61.27 3
61.28 3
61.29 3
61.30 3
61.31 3
61.32 3
61.33 3
61.34 3
61.35 3
61.36 3
61.37 3
61.38 3
61.39 3
61.40 3
61.41 3
61.42 3
61.43 3
61.44 3
61.45 3
61.46 3
61.47 3
61.48 3
61.49 3
61.50 3
61.51 3
61.52 3
61.53 3
61.54 3
61.55 3
61.56 3
61.57 3
61.58 3
61.59 3
61.60 3
61.61 3
61.62 3
61.63 3
61.64 3
61.65 3
61.66 3
61.67 3
61.68 3
61.69 3
61.70 3
61.71 3
61.72 3
61.73 3
61.74 3
61.75 3
61.76 3
61.77 3
61.78 3
61.79 3
61.80 3
61.81 3
61.82 3
61.83 3
61.84 3
61.85 3
61.86 3
61.87 3
61.88 3
61.89 3
61.90 3
61.91 3
61.92 3
61.93 3
61.94 3
61.95 3
61.96 3
61.97 3
61.98 3
61.99 3
62.00 3
62.01 3
62.02 3
62.03 3
62.04 3
62.05 3
62.06 3
62.07 3
62.08 3
62.09 3
62.10 3
62.11 3
62.12 3
62.13 3
62.14 3
62.15 3
62.16 3
62.17 3
62.18 3
62.19 3
62.20 3
62.21 3
62.22 3
62.23 3
62.24 3
62.25 3
62.26 3
62.27 3
62.28 3
62.29 3
62.30 3
62.31 3
62.32 3
62.33 3
62.34 3
62.35 3
62.36 3
62.37 3
62.38 3
62.39 3
62.40 3
62.41 3
62.42 3
62.43 3
62.44 3
62.45 3
62.46 3
62.47 3
62.48 3
62.49 3
62.50 3
62.51 3
62.52 3
62.53 3
62.54 3
62.55 3
62.56 3
62.57 3
62.58 3
62.59 3
62.60 3
62.61 3
62.62 3
62.63 3
62.64 3
62.65 3
62.66 3
62.67 3
62.68 3
62.69 3
62.70 3
62.71 3
62.72 3
62.73 3
62.74 3
62.75 3
62.76 3
62.77 3
62.78 3
62.79 3
62.80 3
62.81 3
62.82 3
62.83 3
62.84 3
62.85 3
62.86 3
62.87 3
62.88 3
62.89 3
62.90 3
62.91 3
62.92 3
62.93 3
62.94 3
62.95 3
62.96 3
62.97 3
62.98 3
62.99 3
63.00 3
63.01 3
63.02 3
63.03 3
63.04 3
63.05 3
63.06 3
63.07 3
63.08 3
63.09 3
63.10 3
63.11 3
63.12 3
63.13 3
63.14 3
63.15 3
63.16 3
63.17 3
63.18 3
63.19 3
63.20 3
63.21 3
63.22 3
63.23 3
63.24 3
63.25 3
63.26 3
63.27 3
63.28 3
63.29 3
63.30 3
63.31 3
63.32 3
63.33 3
63.34 3
63.35 3
63.36 3
63.37 3
63.38 3
63.39 3
63.40 3
63.41 3
63.42 3
63.43 3
63.44 3
63.45 3
63.46 3
63.47 3
63.48 3
63.49 3
63.50 3
63.51 3
63.52 3
63.53 3
63.54 3
63.55 3
63.56 3
63.57 3
63.58 3
63.59 3
63.60 3
63.61 3
63.62 3
63.63 3
63.64 3
63.65 3
63.66 3
63.67 3
63.68 3
63.69 3
63.70 3
63.71 3
63.72 3
63.73 3
63.74 3
63.75 3
63.76 3
63.77 3
63.78 3
63.79 3
63.80 3
63.81 3
63.82 3
63.83 3
63.84 3
63.85 3
63.86 3
63.87 3
63.88 3
63.89 3
63.90 3
63.91 3
63.92 3
63.93 3
63.94 3
63.95 3
63.96 3
63.97 3
63.98 3
63.99 3
64.00 3
64.01 3
64.02 3
64.03 3
64.04 3
64.05 3
64.06 3
64.07 3
64.08 3
64.09 3
64.10 3
64.11 3
64.12 3
64.13 3
64.14 3
64.15 3
64.16 3
64.17 3
64.18 3
64.19 3
64.20 3
64.21 3
64.22 3
64.23 3
64.24 3
64.25 3
64.26 3
64.27 3
64.28 3
64.29 3
64.30 3
64.31 3
64.32 3
64.33 3
64.34 3
64.35 3
64.36 3
64.37 3
64.38 3
64.39 3
64.40 3
64.41 3
64.42 3
64.43 3
64.44 3
64.45 3
64.46 3
64.47 3
64.48 3
64.49 3
64.50 3
64.51 3
64.52 3
64.53 3
64.54 3
64.55 3
64.56 3
64.57 3
64.58 3
64.59 3
64.60 3
64.61 3
64.62 3
64.63 3
64.64 3
64.65 3
64.66 3
64.67 3
64.68 3
64.69 3
64.70 3
64.71 3
64.72 3
64.73 3
64.74 3
64.75 3
64.76 3
64.77 3
64.78 3
64.79 3
64.80 3
64.81 3
64.82 3
64.83 3
64.84 3
64.85 3
64.86 3
64.87 3
64.88 3
64.89 3
64.90 3
64.91 3
64.92 3
64.93 3
64.94 3
64.95 3
64.96 3
64.97 3
64.98 3
64.99 3
65.00 3
65.01 3
65.02 3
65.03 3
65.04 3
65.05 3
65.06 3
65.07 3
65.08 3
65.09 3
65.10 3
65.11 3
65.12 3
65.13 3
65.14 3
65.15 3
65.16 3
65.17 3
65.18 3
65.19 3
65.20 3
65.21 3
65.22 3
65.23 3
65.24 3
65.25 3
65.26 3
65.27 3
65.28 3
65.29 3
65.30 3
65.31 3
65.32 3
65.33 3
65.34 3
65.35 3
65.36 3
65.37 3
65.38 3
65.39 3
65.40 3
65.41 3
65.42 3
65.43 3
65.44 3
65.45 3
65.46 3
65.47 3
65.48 3
65.49 3
65.50 3
65.51 3
65.52 3
65.53 3
65.54 3
65.55 3
65.56 3
65.57 3
65.58 3
65.59 3
65.60 3
65.61 3
65.62 3
65.63 3
65.64 3
65.65 3
65.66 3
65.67 3
65.68 3
65.69 3
65.70 3
65.71 3
65.72 3
65.73 3
65.74 3
65.75 3
65.76 3
65.77 3
65.78 3
65.79 3
65.80 3
65.81 3
65.82 3
65.83 3
65.84 3
65.85 3
65.86 3
65.87 3
65.88 3
65.89 3
65.90 3
65.91 3
65.92 3
65.93 3
65.94 3
65.95 3
65.96 3
65.97 3
65.98 3
65.99 3
66.00 3
66.01 3
66.02 3
66.03 3
66.04 3
66.05 3
66.06 3
66.07 3
66.08 3
66.09 3
66.10 3
66.11 3
66.12 3
66.13 3
66.14 3
66.15 3
66.16 3
66.17 3
66.18 3
66.19 3
66.20 3
66.21 3
66.22 3
66.23 3
66.24 3
66.25 3
66.26 3
66.27 3
66.28 3
66.29 3
66.30 3
66.31 3
66.32 3
66.33 3
66.34 3
66.35 3
66.36 3
66.37 3
66.38 3
66.39 3
66.40 3
66.41 3
66.42 3
66.43 3
66.44 3
66.45 3
66.46 3
66.47 3
66.48 3
66.49 3
66.50 3
66.51 3
66.52 3
66.53 3
66.54 3
66.55 3
66.56 3
66.57 3
66.58 3
66.59 3
66.60 3
66.61 3
66.62 3
66.63 3
66.64 3
66.65 3
66.66 3
66.67 3
66.68 3
66.69 3
66.70 3
66.71 3
66.72 3
66.73 3
66.74 3
66.75 3
66.76 3
66.77 3
66.78 3
66.79 3
66.80 3
66.81 3
66.82 3
66.83 3
66.84 3
66.85 3
66.86 3
66.87 3
66.88 3
66.89 3
66.90 3
66.91 3
66.92 3
66.93 3
66.94 3
66.95 3
66.96 3
66.97 3
66.98 3
66.99 3
67.00 3
67.01 3
67.02 3
67.03 3
67.04 3
67.05 3
67.06 3
67.07 3
67.08 3
67.09 3
67.10 3
67.11 3
67.12 3
67.13 3
67.14 3
67.15 3
67.16 3
67.17 3
67.18 3
67.19 3
67.20 3
67.21 3
67.22 3
67.23 3
67.24 3
67.25 3
67.26 3
67.27 3
67.28 3
67.29 3
67.30 3
67.31 3
67.32 3
67.33 3
67.34 3
67.35 3
67.36 3
67.37 3
67.38 3
67.39 3
67.40 3
67.41 3
67.42 3
67.43 3
67.44 3
67.45 3
67.46 3
67.47 3
67.48 3
67.49 3
67.50 3
67.51 3
67.52 3
67.53 3
67.54 3
67.55 3
67.56 3
67.57 3
67.58 3
67.59 3
67.60 3
67.61 3
67.62 3
67.63 3
67.64 3
67.65 3
67.66 3
67.67 3
67.68 3
67.69 3
67.70 3
67.71 3
67.72 3
67.73 3
67.74 3
67.75 3
67.76 3
67.77 3
67.78 3
67.79 3
67.80 3
67.81 3
67.82 3
67.83 3
67.84 3
67.85 3
67.86 3
67.87 3
67.88 3
67.89 3
67.90 3
67.91 3
67.92 3
67.93 3
67.94 3
67.95 3
67.96 3
67.97 3
67.98 3
67.99 3
68.00 3
68.01 3
68.02 3
68.03 3
68.04 3
68.05 3
68.06 3
68.07 3
68.08 3
68.09 3
68.10 3
68.11 3
68.12 3
68.13 3
68.14 3
68.15 3
68.16 3
68.17 3
68.18 3
68.19 3
68.20 3
68.21 3
68.22 3
68.23 3
68.24 3
68.25 3
68.26 3
68.27 3
68.28 3
68.29 3
68.30 3
68.31 3
68.32 3
68.33 3
68.34 3
68.35 3
68.36 3
68.37 3
68.38 3
68.39 3
68.40 3
68.41 3
68.42 3
68.43 3
68.44 3
68.45 3
68.46 3
68.47 3
68.48 3
68.49 3
68.50 3
68.51 3
68.52 3
68.53 3
68.54 3
68.55 3
68.56 3
68.57 3
68.58 3
68.59 3
68.60 3
68.61 4
68.62 4
68.63 4
68.64 4
68.65 4
68.66 4
68.67 4
68.68 4
68.69 4
68.70 4
68.71 4
68.72 4
68.73 4
68.74 4
68.75 4
68.76 4
68.77 4
68.78 4
68.79 4
68.80 4
68.81 4
68.82 4
68.83 4
68.84 4
68.85 4
68.86 4
68.87 4
68.88 4
68.89 4
68.90 4
68.91 4
68.92 4
68.93 4
68.94 4
68.95 4
68.96 4
68.97 4
68.98 4
68.99 4
69.00 4
69.01 4
69.02 4
69.03 4
69.04 4
69.05 4
69.06 4
69.07 4
69.08 4
69.09 4
69.10 4
69.11 4
69.12 4
69.13 4
69.14 4
69.15 4
69.16 4
69.17 4
69.18 4
69.19 4
69.20 4
69.21 4
69.22 4
69.23 4
69.24 4
69.25 4
69.26 4
69.27 4
69.28 4
69.29 4
69.30 4
69.31 4
69.32 4
69.33 4
69.34 4
69.35 4
69.36 4
69.37 4
69.38 4
69.39 4
69.40 4
69.41 4
69.42 4
69.43 4
69.44 4
69.45 4
69.46 4
69.47 4
69.48 4
69.49 4
69.50 4
69.51 4
69.52 4
69.53 4
69.54 4
69.55 4
69.56 4
69.57 4
69.58 4
69.59 4
69.60 4
69.61 4
69.62 4
69.63 4
69.64 4
69.65 4
69.66 4
69.67 4
69.68 4
69.69 4
69.70 4
69.71 4
69.72 4
69.73 4
69.74 4
69.75 4
69.76 4
69.77 4
69.78 4
69.79 4
69.80 4
69.81 4
69.82 4
69.83 4
69.84 4
69.85 4
69.86 4
69.87 4
69.88 4
69.89 4
69.90 4
69.91 4
69.92 4
69.93 4
69.94 4
69.95 4
69.96 4
69.97 4
69.98 4
69.99 4
70.00 4
70.01 4
70.02 4
70.03 4
70.04 4
70.05 4
70.06 4
70.07 4
70.08 4
70.09 4
70.10 4
70.11 4
70.12 4
70.13 4
70.14 4
70.15 4
70.16 4
70.17 4
70.18 4
70.19 4
70.20 4
70.21 4
70.22 4
70.23 4
70.24 4
70.25 4
70.26 4
70.27 4
70.28 4
70.29 4
70.30 4
70.31 4
70.32 4
70.33 4
70.34 4
70.35 4
70.36 4
70.37 4
70.38 4
70.39 4
70.40 4
70.41 4
70.42 4
70.43 4
70.44 4
70.45 4
70.46 4
70.47 4
70.48 4
70.49 4
70.50 4
70.51 4
70.52 4
70.53 4
70.54 4
70.55 4
70.56 4
70.57 4
70.58 4
70.59 4
70.60 4
70.61 4
70.62 4
70.63 4
70.64 4
70.65 4
70.66 4
70.67 4
70.68 4
70.69 4
70.70 4
70.71 4
70.72 4
70.73 4
70.74 4
70.75 4
70.76 4
70.77 4
70.78 4
70.79 4
70.80 4
70.81 4
70.82 4
70.83 4
70.84 4
70.85 4
70.86 4
70.87 4
70.88 4
70.89 4
70.90 4
70.91 4
70.92 4
70.93 4
70.94 4
70.95 4
70.96 4
70.97 4
70.98 4
70.99 4
71.00 4
71.01 4
71.02 4
71.03 4
71.04 4
71.05 4
71.06 4
71.07 4
71.08 4
71.09 4
71.10 4
71.11 4
71.12 4
71.13 4
71.14 4
71.15 4
71.16 4
71.17 4
71.18 4
71.19 4
71.20 4
71.21 4
71.22 4
71.23 4
71.24 4
71.25 4
71.26 4
71.27 4
71.28 4
71.29 4
71.30 4
71.31 4
71.32 4
71.33 4
71.34 4
71.35 4
71.36 4
71.37 4
71.38 4
71.39 4
71.40 4
71.41 4
71.42 4
71.43 4
71.44 4
71.45 4
71.46 4
71.47 4
71.48 4
71.49 4
71.50 4
71.51 4
71.52 4
71.53 4
71.54 4
71.55 4
71.56 4
71.57 4
71.58 4
71.59 4
71.60 4
71.61 4
71.62 4
71.63 4
71.64 4
71.65 4
71.66 4
71.67 4
71.68 4
71.69 4
71.70 4
71.71 4
71.72 4
71.73 4
71.74 4
71.75 4
71.76 4
71.77 4
71.78 4
71.79 4
71.80 4
71.81 4
71.82 4
71.83 4
71.84 4
71.85 4
71.86 4
71.87 4
71.88 4
71.89 4
71.90 4
71.91 4
71.92 4
71.93 4
71.94 4
71.95 4
71.96 4
71.97 4
71.98 4
71.99 4
72.00 4
72.01 4
72.02 4
72.03 4
72.04 4
72.05 4
72.06 4
72.07 4
72.08 4
72.09 4
72.10 4
72.11 4
72.12 4
72.13 4
72.14 4
72.15 4
72.16 4
72.17 4
72.18 4
72.19 4
72.20 4
72.21 4
72.22 4
72.23 4
72.24 4
72.25 4
72.26 4
72.27 4
72.28 4
72.29 4
72.30 4
72.31 4
72.32 4
72.33 4
72.34 4
72.35 4
72.36 4
72.37 4
72.38 4
72.39 4
72.40 4
72.41 4
72.42 4
72.43 4
72.44 4
72.45 4
72.46 4
72.47 4
72.48 4
72.49 4
72.50 4
72.51 4
72.52 4
72.53 4
72.54 4
72.55 4
72.56 4
72.57 4
72.58 4
72.59 4
72.60 4
72.61 4
72.62 4
72.63 4
72.64 4
72.65 4
72.66 4
72.67 4
72.68 4
72.69 4
72.70 4
72.71 4
72.72 4
72.73 4
72.74 4
72.75 4
72.76 4
72.77 4
72.78 4
72.79 4
72.80 4
72.81 4
72.82 4
72.83 4
72.84 4
72.85 4
72.86 4
72.87 4
72.88 4
72.89 4
72.90 4
72.91 4
72.92 4
72.93 4
72.94 4
72.95 4
72.96 4
72.97 4
72.98 4
72.99 4
73.00 4
73.01 4
73.02 4
73.03 4
73.04 4
73.05 4
73.06 4
73.07 4
73.08 4
73.09 4
73.10 4
73.11 4
73.12 4
73.13 4
73.14 4
73.15 4
73.16 4
73.17 4
73.18 4
73.19 4
73.20 4
73.21 4
73.22 4
73.23 4
73.24 4
73.25 4
73.26 4
73.27 4
73.28 4
73.29 4
73.30 4
73.31 4
73.32 4
73.33 4
73.34 4
73.35 4
73.36 4
73.37 4
73.38 4
73.39 4
73.40 4
73.41 4
73.42 4
73.43 4
73.44 4
73.45 4
73.46 4
73.47 4
73.48 4
73.49 4
73.50 4
73.51 4
73.52 4
73.53 4
73.54 4
73.55 4
73.56 4
73.57 4
73.58 4
73.59 4
73.60 4
73.61 4
73.62 4
73.63 4
73.64 4
73.65 4
73.66 4
73.67 4
73.68 4
73.69 4
73.70 4
73.71 4
73.72 4
73.73 4
73.74 4
73.75 4
73.76 4
73.77 4
73.78 4
73.79 4
73.80 4
73.81 4
73.82 4
73.83 4
73.84 4
73.85 4
73.86 4
73.87 4
73.88 4
73.89 4
73.90 4
73.91 4
73.92 4
73.93 4
73.94 4
73.95 4
73.96 4
73.97 4
73.98 4
73.99 4
74.00 4
74.01 4
74.02 4
74.03 4
74.04 4
74.05 4
74.06 4
74.07 4
74.08 4
74.09 4
74.10 4
74.11 4
74.12 4
74.13 4
74.14 4
74.15 4
74.16 4
74.17 4
74.18 4
74.19 4
74.20 4
74.21 4
74.22 4
74.23 4
74.24 4
74.25 4
74.26 4
74.27 4
74.28 4
74.29 4
74.30 4
74.31 4
74.32 4
74.33 4
74.34 4
74.35 4
74.36 4
74.37 4
74.38 4
74.39 4
74.40 4
74.41 4
74.42 4
74.43 4
74.44 4
74.45 4
74.46 4
74.47 4
74.48 4
74.49 4
74.50 4
74.51 4
74.52 4
74.53 4
74.54 4
74.55 4
74.56 4
74.57 4
74.58 4
74.59 4
74.60 4
74.61 4
74.62 4
74.63 4
74.64 4
74.65 4
74.66 4
74.67 4
74.68 4
74.69 4
74.70 4
74.71 4
74.72 4
74.73 4
74.74 4
74.75 4
74.76 4
74.77 4
74.78 4
74.79 4
74.80 4
74.81 4
74.82 4
74.83 4
74.84 4
74.85 4
74.86 4
74.87 4
74.88 4
74.89 4
74.90 4
74.91 4
74.92 4
74.93 4
74.94 4
74.95 4
74.96 4
74.97 4
74.98 4
74.99 4
75.00 4
75.01 4
75.02 4
75.03 4
75.04 4
75.05 4
75.06 4
75.07 4
75.08 4
75.09 4
75.10 4
75.11 4
75.12 4
75.13 4
75.14 4
75.15 4
75.16 4
75.17 4
75.18 4
75.19 4
75.20 4
75.21 4
75.22 4
75.23 4
75.24 4
75.25 4
75.26 4
75.27 4
75.28 4
75.29 4
75.30 4
75.31 4
75.32 4
75.33 4
75.34 4
75.35 4
75.36 4
75.37 4
75.38 4
75.39 4
75.40 4
75.41 4
75.42 4
75.43 4
75.44 4
75.45 4
75.46 4
75.47 4
75.48 4
75.49 4
75.50 4
75.51 4
75.52 4
75.53 4
75.54 4
75.55 4
75.56 4
75.57 4
75.58 4
75.59 4
75.60 4
75.61 4
75.62 4
75.63 4
75.64 4
75.65 4
75.66 4
75.67 4
75.68 4
75.69 4
75.70 4
75.71 4
75.72 4
75.73 4
75.74 4
75.75 4
75.76 4
75.77 4
75.78 4
75.79 4
75.80 4
75.81 4
75.82 4
75.83 4
75.84 4
75.85 4
75.86 4
75.87 4
75.88 4
75.89 4
75.90 4
75.91 4
75.92 4
75.93 4
75.94 4
75.95 4
75.96 4
75.97 4
75.98 4
75.99 4
76.00 4
76.01 4
76.02 4
76.03 4
76.04 4
76.05 4
76.06 4
76.07 4
76.08 4
76.09 4
76.10 4
76.11 4
76.12 4
76.13 4
76.14 4
76.15 4
76.16 4
76.17 4
76.18 4
76.19 4
76.20 4
76.21 4
76.22 4
76.23 4
76.24 4
76.25 4
76.26 4
76.27 4
76.28 4
76.29 4
76.30 4
76.31 4
76.32 4
76.33 4
76.34 4
76.35 4
76.36 4
76.37 4
76.38 4
76.39 4
76.40 4
76.41 4
76.42 4
76.43 4
76.44 4
76.45 4
76.46 4
76.47 4
76.48 4
76.49 4
76.50 4
76.51 4
76.52 4
76.53 4
76.54 4
76.55 4
76.56 4
76.57 4
76.58 4
76.59 4
76.60 4
76.61 4
76.62 4
76.63 4
76.64 4
76.65 4
76.66 4
76.67 4
76.68 4
76.69 4
76.70 4
76.71 4
76.72 4
76.73 4
76.74 4
76.75 4
76.76 4
76.77 4
76.78 4
76.79 4
76.80 4
76.81 4
76.82 4
76.83 4
76.84 4
76.85 4
76.86 4
76.87 4
76.88 4
76.89 4
76.90 4
76.91 4
76.92 4
76.93 4
76.94 4
76.95 4
76.96 4
76.97 4
76.98 4
76.99 4
77.00 4
77.01 4
77.02 4
77.03 4
77.04 4
77.05 4
77.06 4
77.07 4
77.08 4
77.09 4
77.10 4
77.11 4
77.12 4
77.13 4
77.14 4
77.15 4
77.16 4
77.17 4
77.18 4
77.19 4
77.20 4
77.21 4
77.22 4
77.23 4
77.24 4
77.25 4
77.26 4
77.27 4
77.28 4
77.29 4
77.30 4
77.31 4
77.32 4
77.33 4
77.34 4
77.35 4
77.36 4
77.37 4
77.38 4
77.39 4
77.40 4
77.41 4
77.42 4
77.43 4
77.44 4
77.45 4
77.46 4
77.47 4
77.48 4
77.49 4
77.50 4
77.51 4
77.52 4
77.53 4
77.54 4
77.55 4
77.56 4
77.57 4
77.58 4
77.59 4
77.60 4
77.61 4
77.62 4
77.63 4
77.64 4
77.65 4
77.66 4
77.67 4
77.68 4
77.69 4
77.70 4
77.71 4
77.72 4
77.73 4
77.74 4
77.75 4
77.76 4
77.77 4
77.78 4
77.79 4
77.80 4
77.81 4
77.82 4
77.83 4
77.84 4
77.85 4
77.86 4
77.87 4
77.88 4
77.89 4
77.90 4
77.91 4
77.92 4
77.93 4
77.94 4
77.95 4
77.96 4
77.97 4
77.98 4
77.99 4
78.00 4
78.01 4
78.02 4
78.03 4
78.04 4
78.05 4
78.06 4
78.07 4
78.08 4
78.09 4
78.10 4
78.11 4
78.12 4
78.13 4
78.14 4
78.15 4
78.16 4
78.17 4
78.18 4
78.19 4
78.20 4
78.21 4
78.22 4
78.23 4
78.24 4
78.25 4
78.26 4
78.27 4
78.28 4
78.29 4
78.30 4
78.31 4
78.32 4
78.33 4
78.34 4
78.35 4
78.36 4
78.37 4
78.38 4
78.39 4
78.40 4
78.41 4
78.42 4
78.43 4
78.44 4
78.45 4
78.46 4
78.47 4
78.48 4
78.49 4
78.50 4
78.51 4
78.52 4
78.53 4
78.54 4
78.55 4
78.56 4
78.57 4
78.58 4
78.59 4
78.60 4
78.61 4
78.62 4
78.63 4
78.64 4
78.65 4
78.66 4
78.67 4
78.68 4
78.69 4
78.70 4
78.71 4
78.72 4
78.73 4
78.74 4
78.75 4
78.76 4
78.77 4
78.78 4
78.79 4
78.80 4
78.81 4
78.82 4
78.83 4
78.84 4
78.85 4
78.86 4
78.87 4
78.88 4
78.89 4
78.90 4
78.91 4
78.92 4
78.93 4
78.94 4
78.95 4
78.96 4
78.97 4
78.98 4
78.99 4
79.00 4
79.01 4
79.02 4
79.03 4
79.04 4
79.05 4
79.06 4
79.07 4
79.08 4
79.09 4
79.10 4
79.11 4
79.12 4
79.13 4
79.14 4
79.15 4
79.16 4
79.17 4
79.18 4
79.19 4
79.20 4
79.21 4
79.22 4
79.23 4
79.24 4
79.25 4
79.26 4
79.27 4
79.28 4
79.29 4
79.30 4
79.31 4
79.32 4
79.33 4
79.34 4
79.35 4
79.36 4
79.37 4
79.38 4
79.39 4
79.40 4
79.41 4
79.42 4
79.43 4
79.44 4
79.45 4
79.46 4
79.47 4
79.48 4
79.49 4
79.50 4
79.51 4
79.52 4
79.53 4
79.54 4
79.55 4
79.56 4
79.57 4
79.58 4
79.59 4
79.60 4
79.61 4
79.62 4
79.63 4
79.64 4
79.65 4
79.66 4
79.67 4
79.68 4
79.69 4
79.70 4
79.71 4
79.72 4
79.73 4
79.74 4
79.75 4
79.76 4
79.77 4
79.78 4
79.79 4
79.80 4
79.81 4
79.82 4
79.83 4
79.84 4
79.85 4
79.86 4
79.87 4
79.88 4
79.89 4
79.90 4
79.91 4
79.92 4
79.93 4
79.94 4
79.95 4
79.96 4
79.97 4
79.98 4
79.99 4
80.00 4
80.01 4
80.02 4
80.03 4
80.04 4
80.05 4
80.06 4
80.07 4
80.08 4
80.09 4
80.10 4
80.11 4
80.12 4
80.13 4
80.14 4
80.15 4
80.16 4
80.17 4
80.18 4
80.19 4
80.20 4
80.21 4
80.22 4
80.23 4
80.24 4
80.25 4
80.26 4
80.27 4
80.28 4
80.29 4
80.30 4
80.31 4
80.32 4
80.33 4
80.34 4
80.35 4
80.36 4
80.37 4
80.38 4
80.39 4
80.40 4
80.41 4
80.42 4
80.43 4
80.44 4
80.45 4
80.46 4
80.47 4
80.48 4
80.49 4
80.50 4
80.51 4
80.52 4
80.53 4
80.54 4
80.55 4
80.56 4
80.57 4
80.58 4
80.59 4
80.60 4
80.61 4
80.62 4
80.63 4
80.64 4
80.65 4
80.66 4
80.67 4
80.68 4
80.69 4
80.70 4
80.71 4
80.72 4
80.73 4
80.74 4
80.75 4
80.76 4
80.77 4
80.78 4
80.79 4
80.80 4
80.81 4
80.82 4
80.83 4
80.84 4
80.85 4
80.86 4
80.87 4
80.88 4
80.89 4
80.90 4
80.91 4
80.92 4
80.93 4
80.94 4
80.95 4
80.96 4
80.97 4
80.98 4
80.99 4
81.00 4
81.01 4
81.02 4
81.03 4
81.04 4
81.05 4
81.06 4
81.07 4
81.08 4
81.09 4
81.10 4
81.11 4
81.12 4
81.13 4
81.14 4
81.15 4
81.16 4
81.17 4
81.18 4
81.19 4
81.20 4
81.21 4
81.22 4
81.23 4
81.24 4
81.25 4
81.26 4
81.27 4
81.28 4
81.29 4
81.30 4
81.31 4
81.32 4
81.33 4
81.34 4
81.35 4
81.36 4
81.37 4
81.38 4
81.39 4
81.40 4
81.41 4
81.42 4
81.43 4
81.44 4
81.45 4
81.46 4
81.47 4
81.48 4
81.49 4
81.50 4
81.51 4
81.52 4
81.53 4
81.54 4
81.55 4
81.56 4
81.57 4
81.58 4
81.59 4
81.60 4
81.61 4
81.62 4
81.63 4
81.64 4
81.65 4
81.66 4
81.67 4
81.68 4
81.69 4
81.70 4
81.71 4
81.72 4
81.73 4
81.74 4
81.75 4
81.76 4
81.77 4
81.78 4
81.79 4
81.80 4
81.81 4
81.82 4
81.83 4
81.84 4
81.85 4
81.86 4
81.87 4
81.88 4
81.89 4
81.90 4
81.91 4
81.92 4
81.93 4
81.94 4
81.95 4
81.96 4
81.97 4
81.98 4
81.99 4
82.00 4
82.01 4
82.02 4
82.03 4
82.04 4
82.05 4
82.06 4
82.07 4
82.08 4
82.09 4
82.10 4
82.11 4
82.12 4
82.13 4
82.14 4
82.15 4
82.16 4
82.17 4
82.18 4
82.19 4
82.20 4
82.21 4
82.22 4
82.23 4
82.24 4
82.25 4
82.26 4
82.27 4
82.28 4
82.29 4
82.30 4
82.31 4
82.32 4
82.33 4
82.34 4
82.35 4
82.36 4
82.37 4
82.38 4
82.39 4
82.40 4
82.41 4
82.42 4
82.43 4
82.44 4
82.45 4
82.46 4
82.47 4
82.48 4
82.49 4
82.50 4
82.51 4
82.52 4
82.53 4
82.54 4
82.55 4
82.56 4
82.57 4
82.58 4
82.59 4
82.60 4
82.61 4
82.62 4
82.63 4
82.64 4
82.65 4
82.66 4
82.67 4
82.68 4
82.69 4
82.70 4
82.71 4
82.72 4
82.73 4
82.74 4
82.75 4
82.76 4
82.77 4
82.78 4
82.79 4
82.80 4
82.81 4
82.82 4
82.83 4
82.84 4
82.85 4
82.86 4
82.87 4
82.88 4
82.89 4
82.90 4
82.91 4
82.92 4
82.93 4
82.94 4
82.95 4
82.96 4
82.97 4
82.98 4
82.99 4
83.00 4
83.01 4
83.02 4
83.03 4
83.04 4
83.05 4
83.06 4
83.07 4
83.08 4
83.09 4
83.10 4
83.11 4
83.12 4
83.13 4
83.14 4
83.15 4
83.16 4
83.17 4
83.18 4
83.19 4
83.20 4
83.21 4
83.22 4
83.23 4
83.24 4
83.25 4
83.26 4
83.27 4
83.28 4
83.29 4
83.30 4
83.31 4
83.32 4
83.33 4
83.34 4
83.35 4
83.36 4
83.37 4
83.38 4
83.39 4
83.40 4
83.41 4
83.42 4
83.43 4
83.44 4
83.45 4
83.46 4
83.47 4
83.48 4
83.49 4
83.50 4
83.51 4
83.52 4
83.53 4
83.54 4
83.55 4
83.56 4
83.57 4
83.58 4
83.59 4
83.60 4
83.61 4
83.62 4
83.63 4
83.64 4
83.65 4
83.66 4
83.67 4
83.68 4
83.69 4
83.70 4
83.71 4
83.72 4
83.73 4
83.74 4
83.75 4
83.76 4
83.77 4
83.78 4
83.79 4
83.80 4
83.81 4
83.82 4
83.83 4
83.84 4
83.85 4
83.86 4
83.87 4
83.88 4
83.89 4
83.90 4
83.91 4
83.92 4
83.93 4
83.94 4
83.95 4
83.96 4
83.97 4
83.98 4
83.99 4
84.00 4
84.01 4
84.02 4
84.03 4
84.04 4
84.05 4
84.06 4
84.07 4
84.08 4
84.09 4
84.10 4
84.11 4
84.12 4
84.13 4
84.14 4
84.15 4
84.16 4
84.17 4
84.18 4
84.19 4
84.20 4
84.21 4
84.22 4
84.23 4
84.24 4
84.25 4
84.26 4
84.27 4
84.28 4
84.29 4
84.30 4
84.31 4
84.32 4
84.33 4
84.34 4
84.35 4
84.36 4
84.37 4
84.38 4
84.39 4
84.40 4
84.41 4
84.42 4
84.43 4
84.44 4
84.45 4
84.46 4
84.47 4
84.48 4
84.49 4
84.50 4
84.51 4
84.52 4
84.53 4
84.54 4
84.55 4
84.56 4
84.57 4
84.58 4
84.59 4
84.60 4
84.61 4
84.62 4
84.63 4
84.64 4
84.65 4
84.66 4
84.67 4
84.68 4
84.69 4
84.70 4
84.71 4
84.72 4
84.73 4
84.74 4
84.75 4
84.76 4
84.77 4
84.78 4
84.79 4
84.80 4
84.81 4
84.82 4
84.83 4
84.84 4
84.85 4
84.86 4
84.87 4
84.88 4
84.89 4
84.90 4
84.91 4
84.92 4
84.93 4
84.94 4
84.95 4
84.96 4
84.97 4
84.98 4
84.99 4
85.00 4
85.01 4
85.02 4
85.03 4
85.04 4
85.05 4
85.06 4
85.07 4
85.08 4
85.09 4
85.10 4
85.11 4
85.12 4
85.13 4
85.14 4
85.15 4
85.16 4
85.17 4
85.18 4
85.19 4
85.20 4
85.21 4
85.22 4
85.23 4
85.24 4
85.25 4
85.26 4
85.27 4
85.28 4
85.29 4
85.30 4
85.31 4
85.32 4
85.33 4
85.34 4
85.35 4
85.36 4
85.37 4
85.38 4
85.39 4
85.40 4
85.41 4
85.42 4
85.43 4
85.44 4
85.45 4
85.46 4
85.47 4
85.48 4
85.49 4
85.50 4
85.51 4
85.52 4
85.53 4
85.54 4
85.55 4
85.56 4
85.57 4
85.58 4
85.59 4
85.60 4
85.61 4
85.62 4
85.63 4
85.64 4
85.65 4
85.66 4
85.67 4
85.68 4
85.69 4
85.70 4
85.71 4
85.72 4
85.73 4
85.74 4
85.75 4
85.76 4
85.77 4
85.78 4
85.79 4
85.80 4
85.81 4
85.82 4
85.83 4
85.84 4
85.85 4
85.86 4
85.87 4
85.88 4
85.89 4
85.90 4
85.91 4
85.92 4
85.93 4
85.94 4
85.95 4
85.96 4
85.97 4
85.98 4
85.99 4
86.00 4
86.01 4
86.02 4
86.03 4
86.04 4
86.05 4
86.06 4
86.07 4
86.08 4
86.09 4
86.10 4
86.11 4
86.12 4
86.13 4
86.14 4
86.15 4
86.16 4
86.17 4
86.18 4
86.19 4
86.20 4
86.21 4
86.22 4
86.23 4
86.24 4
86.25 4
86.26 4
86.27 4
86.28 4
86.29 4
86.30 4
86.31 4
86.32 4
86.33 4
86.34 4
86.35 4
86.36 4
86.37 4
86.38 4
86.39 4
86.40 4
86.41 4
86.42 4
86.43 4
86.44 4
86.45 4
86.46 4
86.47 4
86.48 4
86.49 4
86.50 4
86.51 4
86.52 4
86.53 4
86.54 4
86.55 4
86.56 4
86.57 4
86.58 4
86.59 4
86.60 4
86.61 4
86.62 4
86.63 4
86.64 4
86.65 4
86.66 4
86.67 4
86.68 4
86.69 4
86.70 4
86.71 4
86.72 4
86.73 4
86.74 4
86.75 4
86.76 4
86.77 4
86.78 4
86.79 4
86.80 4
86.81 4
86.82 4
86.83 4
86.84 4
86.85 4
86.86 4
86.87 4
86.88 4
86.89 4
86.90 4
86.91 4
86.92 4
86.93 4
86.94 4
86.95 4
86.96 4
86.97 4
86.98 4
86.99 4
87.00 4
87.01 4
87.02 4
87.03 4
87.04 4
87.05 4
87.06 4
87.07 4
87.08 4
87.09 4
87.10 4
87.11 4
87.12 4
87.13 4
87.14 4
87.15 4
87.16 4
87.17 4
87.18 4
87.19 4
87.20 4
87.21 4
87.22 4
87.23 4
87.24 4
87.25 4
87.26 4
87.27 4
87.28 4
87.29 4
87.30 4
87.31 4
87.32 4
87.33 4
87.34 4
87.35 4
87.36 4
87.37 4
87.38 4
87.39 4
87.40 4
87.41 4
87.42 4
87.43 4
87.44 4
87.45 4
87.46 4
87.47 4
87.48 4
87.49 4
87.50 4
87.51 4
87.52 4
87.53 4
87.54 4
87.55 4
87.56 4
87.57 4
87.58 4
87.59 4
87.60 4
87.61 4
87.62 4
87.63 4
87.64 4
87.65 4
87.66 4
87.67 4
87.68 4
87.69 4
87.70 4
87.71 4
87.72 4
87.73 4
87.74 4
87.75 4
87.76 4
87.77 4
87.78 4
87.79 4
87.80 4
87.81 4
87.82 4
87.83 4
87.84 4
87.85 4
87.86 4
87.87 4
87.88 4
87.89 4
87.90 4
87.91 4
87.92 4
87.93 4
87.94 4
87.95 4
87.96 4
87.97 4
87.98 4
87.99 4
88.00 4
88.01 4
88.02 4
88.03 4
88.04 4
88.05 4
88.06 4
88.07 4
88.08 4
88.09 4
88.10 4
88.11 4
88.12 4
88.13 4
88.14 4
88.15 4
88.16 4
88.17 4
88.18 4
88.19 4
88.20 5
88.21 5
88.22 5
88.23 5
88.24 5
88.25 5
88.26 5
88.27 5
88.28 5
88.29 5
88.30 5
88.31 5
88.32 5
88.33 5
88.34 5
88.35 5
88.36 5
88.37 5
88.38 5
88.39 5
88.40 5
88.41 5
88.42 5
88.43 5
88.44 5
88.45 5
88.46 5
88.47 5
88.48 5
88.49 5
88.50 5
88.51 5
88.52 5
88.53 5
88.54 5
88.55 5
88.56 5
88.57 5
88.58 5
88.59 5
88.60 5
88.61 5
88.62 5
88.63 5
88.64 5
88.65 5
88.66 5
88.67 5
88.68 5
88.69 5
88.70 5
88.71 5
88.72 5
88.73 5
88.74 5
88.75 5
88.76 5
88.77 5
88.78 5
88.79 5
88.80 5
88.81 5
88.82 5
88.83 5
88.84 5
88.85 5
88.86 5
88.87 5
88.88 5
88.89 5
88.90 5
88.91 5
88.92 5
88.93 5
88.94 5
88.95 5
88.96 5
88.97 5
88.98 5
88.99 5
89.00 5
89.01 5
89.02 5
89.03 5
89.04 5
89.05 5
89.06 5
89.07 5
89.08 5
89.09 5
89.10 5
89.11 5
89.12 5
89.13 5
89.14 5
89.15 5
89.16 5
89.17 5
89.18 5
89.19 5
89.20 5
89.21 5
89.22 5
89.23 5
89.24 5
89.25 5
89.26 5
89.27 5
89.28 5
89.29 5
89.30 5
89.31 5
89.32 5
89.33 5
89.34 5
89.35 5
89.36 5
89.37 5
89.38 5
89.39 5
89.40 5
89.41 5
89.42 5
89.43 5
89.44 5
89.45 5
89.46 5
89.47 5
89.48 5
89.49 5
89.50 5
89.51 5
89.52 5
89.53 5
89.54 5
89.55 5
89.56 5
89.57 5
89.58 5
89.59 5
89.60 5
89.61 5
89.62 5
89.63 5
89.64 5
89.65 5
89.66 5
89.67 5
89.68 5
89.69 5
89.70 5
89.71 5
89.72 5
89.73 5
89.74 5
89.75 5
89.76 5
89.77 5
89.78 5
89.79 5
89.80 5
89.81 5
89.82 5
89.83 5
89.84 5
89.85 5
89.86 5
89.87 5
89.88 5
89.89 5
89.90 5
89.91 5
89.92 5
89.93 5
89.94 5
89.95 5
89.96 5
89.97 5
89.98 5
89.99 5
90.00 5
90.01 5
90.02 5
90.03 5
90.04 5
90.05 5
90.06 5
90.07 5
90.08 5
90.09 5
90.10 5
90.11 5
90.12 5
90.13 5
90.14 5
90.15 5
90.16 5
90.17 5
90.18 5
90.19 5
90.20 5
90.21 5
90.22 5
90.23 5
90.24 5
90.25 5
90.26 5
90.27 5
90.28 5
90.29 5
90.30 5
90.31 5
90.32 5
90.33 5
90.34 5
90.35 5
90.36 5
90.37 5
90.38 5
90.39 5
90.40 5
90.41 5
90.42 5
90.43 5
90.44 5
90.45 5
90.46 5
90.47 5
90.48 5
90.49 5
90.50 5
90.51 5
90.52 5
90.53 5
90.54 5
90.55 5
90.56 5
90.57 5
90.58 5
90.59 5
90.60 5
90.61 5
90.62 5
90.63 5
90.64 5
90.65 5
90.66 5
90.67 5
90.68 5
90.69 5
90.70 5
90.71 5
90.72 5
90.73 5
90.74 5
90.75 5
90.76 5
90.77 5
90.78 5
90.79 5
90.80 5
90.81 5
90.82 5
90.83 5
90.84 5
90.85 5
90.86 5
90.87 5
90.88 5
90.89 5
90.90 5
90.91 5
90.92 5
90.93 5
90.94 5
90.95 5
90.96 5
90.97 5
90.98 5
90.99 5
91.00 5
91.01 5
91.02 5
91.03 5
91.04 5
91.05 5
91.06 5
91.07 5
91.08 5
91.09 5
91.10 5
91.11 5
91.12 5
91.13 5
91.14 5
91.15 5
91.16 5
91.17 5
91.18 5
91.19 5
91.20 5
91.21 5
91.22 5
91.23 5
91.24 5
91.25 5
91.26 5
91.27 5
91.28 5
91.29 5
91.30 5
91.31 5
91.32 5
91.33 5
91.34 5
91.35 5
91.36 5
91.37 5
91.38 5
91.39 5
91.40 5
91.41 5
91.42 5
91.43 5
91.44 5
91.45 5
91.46 5
91.47 5
91.48 5
91.49 5
91.50 5
91.51 5
91.52 5
91.53 5
91.54 5
91.55 5
91.56 5
91.57 5
91.58 5
91.59 5
91.60 5
91.61 5
91.62 5
91.63 5
91.64 5
91.65 5
91.66 5
91.67 5
91.68 5
91.69 5
91.70 5
91.71 5
91.72 5
91.73 5
91.74 5
91.75 5
91.76 5
91.77 5
91.78 5
91.79 5
91.80 5
91.81 5
91.82 5
91.83 5
91.84 5
91.85 5
91.86 5
91.87 5
91.88 5
91.89 5
91.90 5
91.91 5
91.92 5
91.93 5
91.94 5
91.95 5
91.96 5
91.97 5
91.98 5
91.99 5
92.00 5
92.01 5
92.02 5
92.03 5
92.04 5
92.05 5
92.06 5
92.07 5
92.08 5
92.09 5
92.10 5
92.11 5
92.12 5
92.13 5
92.14 5
92.15 5
92.16 5
92.17 5
92.18 5
92.19 5
92.20 5
92.21 5
92.22 5
92.23 5
92.24 5
92.25 5
92.26 5
92.27 5
92.28 5
92.29 5
92.30 5
92.31 5
92.32 5
92.33 5
92.34 5
92.35 5
92.36 5
92.37 5
92.38 5
92.39 5
92.40 5
92.41 5
92.42 5
92.43 5
92.44 5
92.45 5
92.46 5
92.47 5
92.48 5
92.49 5
92.50 5
92.51 5
92.52 5
92.53 5
92.54 5
92.55 5
92.56 5
92.57 5
92.58 5
92.59 5
92.60 5
92.61 5
92.62 5
92.63 5
92.64 5
92.65 5
92.66 5
92.67 5
92.68 5
92.69 5
92.70 5
92.71 5
92.72 5
92.73 5
92.74 5
92.75 5
92.76 5
92.77 5
92.78 5
92.79 5
92.80 5
92.81 5
92.82 5
92.83 5
92.84 5
92.85 5
92.86 5
92.87 5
92.88 5
92.89 5
92.90 5
92.91 5
92.92 5
92.93 5
92.94 5
92.95 5
92.96 5
92.97 5
92.98 5
92.99 5
93.00 5
93.01 5
93.02 5
93.03 5
93.04 5
93.05 5
93.06 5
93.07 5
93.08 5
93.09 5
93.10 5
93.11 5
93.12 5
93.13 5
93.14 5
93.15 5
93.16 5
93.17 5
93.18 5
93.19 5
93.20 5
93.21 5
93.22 5
93.23 5
93.24 5
93.25 5
93.26 5
93.27 5
93.28 5
93.29 5
93.30 5
93.31 5
93.32 5
93.33 5
93.34 5
93.35 5
93.36 5
93.37 5
93.38 5
93.39 5
93.40 5
93.41 5
93.42 5
93.43 5
93.44 5
93.45 5
93.46 5
93.47 5
93.48 5
93.49 5
93.50 5
93.51 5
93.52 5
93.53 5
93.54 5
93.55 5
93.56 5
93.57 5
93.58 5
93.59 5
93.60 5
93.61 5
93.62 5
93.63 5
93.64 5
93.65 5
93.66 5
93.67 5
93.68 5
93.69 5
93.70 5
93.71 5
93.72 5
93.73 5
93.74 5
93.75 5
93.76 5
93.77 5
93.78 5
93.79 5
93.80 5
93.81 5
93.82 5
93.83 5
93.84 5
93.85 5
93.86 5
93.87 5
93.88 5
93.89 5
93.90 5
93.91 5
93.92 5
93.93 5
93.94 5
93.95 5
93.96 5
93.97 5
93.98 5
93.99 5
94.00 5
94.01 5
94.02 5
94.03 5
94.04 5
94.05 5
94.06 5
94.07 5
94.08 5
94.09 5
94.10 5
94.11 5
94.12 5
94.13 5
94.14 5
94.15 5
94.16 5
94.17 5
94.18 5
94.19 5
94.20 5
94.21 5
94.22 5
94.23 5
94.24 5
94.25 5
94.26 5
94.27 5
94.28 5
94.29 5
94.30 5
94.31 5
94.32 5
94.33 5
94.34 5
94.35 5
94.36 5
94.37 5
94.38 5
94.39 5
94.40 5
94.41 5
94.42 5
94.43 5
94.44 5
94.45 5
94.46 5
94.47 5
94.48 5
94.49 5
94.50 5
94.51 5
94.52 5
94.53 5
94.54 5
94.55 5
94.56 5
94.57 5
94.58 5
94.59 5
94.60 5
94.61 5
94.62 5
94.63 5
94.64 5
94.65 5
94.66 5
94.67 5
94.68 5
94.69 5
94.70 5
94.71 5
94.72 5
94.73 5
94.74 5
94.75 5
94.76 5
94.77 5
94.78 5
94.79 5
94.80 5
94.81 5
94.82 5
94.83 5
94.84 5
94.85 5
94.86 5
94.87 5
94.88 5
94.89 5
94.90 5
94.91 5
94.92 5
94.93 5
94.94 5
94.95 5
94.96 5
94.97 5
94.98 5
94.99 5
95.00 5
95.01 5
95.02 5
95.03 5
95.04 5
95.05 5
95.06 5
95.07 5
95.08 5
95.09 5
95.10 5
95.11 5
95.12 5
95.13 5
95.14 5
95.15 5
95.16 5
95.17 5
95.18 5
95.19 5
95.20 5
95.21 5
95.22 5
95.23 5
95.24 5
95.25 5
95.26 5
95.27 5
95.28 5
95.29 5
95.30 5
95.31 5
95.32 5
95.33 5
95.34 5
95.35 5
95.36 5
95.37 5
95.38 5
95.39 5
95.40 5
95.41 5
95.42 5
95.43 5
95.44 5
95.45 5
95.46 5
95.47 5
95.48 5
95.49 5
95.50 5
95.51 5
95.52 5
95.53 5
95.54 5
95.55 5
95.56 5
95.57 5
95.58 5
95.59 5
95.60 5
95.61 5
95.62 5
95.63 5
95.64 5
95.65 5
95.66 5
95.67 5
95.68 5
95.69 5
95.70 5
95.71 5
95.72 5
95.73 5
95.74 5
95.75 5
95.76 5
95.77 5
95.78 5
95.79 5
95.80 5
95.81 5
95.82 5
95.83 5
95.84 5
95.85 5
95.86 5
95.87 5
95.88 5
95.89 5
95.90 5
95.91 5
95.92 5
95.93 5
95.94 5
95.95 5
95.96 5
95.97 5
95.98 5
95.99 5
96.00 5
96.01 5
96.02 5
96.03 5
96.04 5
96.05 5
96.06 5
96.07 5
96.08 5
96.09 5
96.10 5
96.11 5
96.12 5
96.13 5
96.14 5
96.15 5
96.16 5
96.17 5
96.18 5
96.19 5
96.20 5
96.21 5
96.22 5
96.23 5
96.24 5
96.25 5
96.26 5
96.27 5
96.28 5
96.29 5
96.30 5
96.31 5
96.32 5
96.33 5
96.34 5
96.35 5
96.36 5
96.37 5
96.38 5
96.39 5
96.40 5
96.41 5
96.42 5
96.43 5
96.44 5
96.45 5
96.46 5
96.47 5
96.48 5
96.49 5
96.50 5
96.51 5
96.52 5
96.53 5
96.54 5
96.55 5
96.56 5
96.57 5
96.58 5
96.59 5
96.60 5
96.61 5
96.62 5
96.63 5
96.64 5
96.65 5
96.66 5
96.67 5
96.68 5
96.69 5
96.70 5
96.71 5
96.72 5
96.73 5
96.74 5
96.75 5
96.76 5
96.77 5
96.78 5
96.79 5
96.80 5
96.81 5
96.82 5
96.83 5
96.84 5
96.85 5
96.86 5
96.87 5
96.88 5
96.89 5
96.90 5
96.91 5
96.92 5
96.93 5
96.94 5
96.95 5
96.96 5
96.97 5
96.98 5
96.99 5
97.00 5
97.01 5
97.02 5
97.03 5
97.04 5
97.05 5
97.06 5
97.07 5
97.08 5
97.09 5
97.10 5
97.11 5
97.12 5
97.13 5
97.14 5
97.15 5
97.16 5
97.17 5
97.18 5
97.19 5
97.20 5
97.21 5
97.22 5
97.23 5
97.24 5
97.25 5
97.26 5
97.27 5
97.28 5
97.29 5
97.30 5
97.31 5
97.32 5
97.33 5
97.34 5
97.35 5
97.36 5
97.37 5
97.38 5
97.39 5
97.40 5
97.41 5
97.42 5
97.43 5
97.44 5
97.45 5
97.46 5
97.47 5
97.48 5
97.49 5
97.50 5
97.51 5
97.52 5
97.53 5
97.54 5
97.55 5
97.56 5
97.57 5
97.58 5
97.59 5
97.60 5
97.61 5
97.62 5
97.63 5
97.64 5
97.65 5
97.66 5
97.67 5
97.68 5
97.69 5
97.70 5
97.71 5
97.72 5
97.73 5
97.74 5
97.75 5
97.76 5
97.77 5
97.78 5
97.79 5
97.80 5
97.81 5
97.82 5
97.83 5
97.84 5
97.85 5
97.86 5
97.87 5
97.88 5
97.89 5
97.90 5
97.91 5
97.92 5
97.93 5
97.94 5
97.95 5
97.96 5
97.97 5
97.98 5
97.99 5
98.00 5
98.01 5
98.02 5
98.03 5
98.04 5
98.05 5
98.06 5
98.07 5
98.08 5
98.09 5
98.10 5
98.11 5
98.12 5
98.13 5
98.14 5
98.15 5
98.16 5
98.17 5
98.18 5
98.19 5
98.20 5
98.21 5
98.22 5
98.23 5
98.24 5
98.25 5
98.26 5
98.27 5
98.28 5
98.29 5
98.30 5
98.31 5
98.32 5
98.33 5
98.34 5
98.35 5
98.36 5
98.37 5
98.38 5
98.39 5
98.40 5
98.41 5
98.42 5
98.43 5
98.44 5
98.45 5
98.46 5
98.47 5
98.48 5
98.49 5
98.50 5
98.51 5
98.52 5
98.53 5
98.54 5
98.55 5
98.56 5
98.57 5
98.58 5
98.59 5
98.60 5
98.61 5
98.62 5
98.63 5
98.64 5
98.65 5
98.66 5
98.67 5
98.68 5
98.69 5
98.70 5
98.71 5
98.72 5
98.73 5
98.74 5
98.75 5
98.76 5
98.77 5
98.78 5
98.79 5
98.80 5
98.81 5
98.82 5
98.83 5
98.84 5
98.85 5
98.86 5
98.87 5
98.88 5
98.89 5
98.90 5
98.91 5
98.92 5
98.93 5
98.94 5
98.95 5
98.96 5
98.97 5
98.98 5
98.99 5
99.00 5
99.01 5
99.02 5
99.03 5
99.04 5
99.05 5
99.06 5
99.07 5
99.08 5
99.09 5
99.10 5
99.11 5
99.12 5
99.13 5
99.14 5
99.15 5
99.16 5
99.17 5
99.18 5
99.19 5
99.20 5
99.21 5
99.22 5
99.23 5
99.24 5
99.25 5
99.26 5
99.27 5
99.28 5
99.29 5
99.30 5
99.31 5
99.32 5
99.33 5
99.34 5
99.35 5
99.36 5
99.37 5
99.38 5
99.39 5
99.40 5
99.41 5
99.42 5
99.43 5
99.44 5
99.45 5
99.46 5
99.47 5
99.48 5
99.49 5
99.50 5
99.51 5
99.52 5
99.53 5
99.54 5
99.55 5
99.56 5
99.57 5
99.58 5
99.59 5
99.60 5
99.61 5
99.62 5
99.63 5
99.64 5
99.65 5
99.66 5
99.67 5
99.68 5
99.69 5
99.70 5
99.71 5
99.72 5
99.73 5
99.74 5
99.75 5
99.76 5
99.77 5
99.78 5
99.79 5
99.80 5
99.81 5
99.82 5
99.83 5
99.84 5
99.85 5
99.86 5
99.87 5
99.88 5
99.89 5
99.90 5
99.91 5
99.92 5
99.93 5
99.94 5
99.95 5
99.96 5
99.97 5
99.98 5
99.99 5
