0.000000 0.000000
0.010000 0.028073
0.020000 0.105139
0.030000 0.221618
0.040000 0.369312
0.050000 0.541224
0.060000 0.731408
0.070000 0.934830
0.080000 1.147247
0.090000 1.365106
0.100000 1.585447
0.110000 1.805824
0.120000 2.024236
0.130000 2.239061
0.140000 2.449004
0.150000 2.653048
0.160000 2.850414
0.170000 3.040527
0.180000 3.222979
0.190000 3.397506
0.200000 3.563965
0.210000 3.722310
0.220000 3.872579
0.230000 4.014875
0.240000 4.149354
0.250000 4.276215
0.260000 4.395691
0.270000 4.508038
0.280000 4.613531
0.290000 4.712457
0.300000 4.805110
0.310000 4.891790
0.320000 4.972792
0.330000 5.048414
0.340000 5.118946
0.350000 5.184671
0.360000 5.245865
0.370000 5.302797
0.380000 5.355722
0.390000 5.404888
0.400000 5.450531
0.410000 5.492876
0.420000 5.532138
0.430000 5.568520
0.440000 5.602214
0.450000 5.633403
0.460000 5.662258
0.470000 5.688942
0.480000 5.713605
0.490000 5.736391
0.500000 5.757434
0.510000 5.776859
0.520000 5.794784
0.530000 5.811318
0.540000 5.826563
0.550000 5.840616
0.560000 5.853565
0.570000 5.865492
0.580000 5.876476
0.590000 5.886587
0.600000 5.895892
0.610000 5.904454
0.620000 5.912329
0.630000 5.919570
0.640000 5.926227
0.650000 5.932345
0.660000 5.937967
0.670000 5.943132
0.680000 5.947875
0.690000 5.952231
0.700000 5.956230
0.710000 5.959900
0.720000 5.963268
0.730000 5.966358
0.740000 5.969193
0.750000 5.971793
0.760000 5.974177
0.770000 5.976362
0.780000 5.978366
0.790000 5.980202
0.800000 5.981885
0.810000 5.983427
0.820000 5.984839
0.830000 5.986133
0.840000 5.987317
0.850000 5.988402
0.860000 5.989396
0.870000 5.990305
0.880000 5.991137
0.890000 5.991898
0.900000 5.992595
0.910000 5.993233
0.920000 5.993816
0.930000 5.994350
0.940000 5.994838
0.950000 5.995284
0.960000 5.995692
0.970000 5.996066
0.980000 5.996407
0.990000 5.996719
1.000000 5.997004
1.010000 5.997264
1.020000 5.997502
1.030000 5.997720
1.040000 5.997918
1.050000 5.998100
1.060000 5.998266
1.070000 5.998417
1.080000 5.998556
1.090000 5.998682
1.100000 5.998797
1.110000 5.998903
1.120000 5.998999
1.130000 5.999087
1.140000 5.999167
1.150000 5.999240
1.160000 5.999307
1.170000 5.999368
1.180000 5.999424
1.190000 5.999474
1.200000 5.999521
1.210000 5.999563
1.220000 5.999602
1.230000 5.999637
1.240000 5.999669
1.250000 5.999698
1.260000 5.999725
1.270000 5.999749
1.280000 5.999771
1.290000 5.999792
1.300000 5.999810
1.310000 5.999827
1.320000 5.999842
1.330000 5.999856
1.340000 5.999869
1.350000 5.999881
1.360000 5.999891
1.370000 5.999901
1.380000 5.999910
1.390000 5.999918
1.400000 5.999925
1.410000 5.999932
1.420000 5.999938
1.430000 5.999943
1.440000 5.999948
1.450000 5.999953
1.460000 5.999957
1.470000 5.999961
1.480000 5.999965
1.490000 5.999968
1.500000 5.999971
1.510000 5.999973
1.520000 5.999976
1.530000 5.999978
1.540000 5.999980
1.550000 5.999982
1.560000 5.999983
1.570000 5.999985
1.580000 5.999986
1.590000 5.999987
1.600000 5.999989
1.610000 5.999990
1.620000 5.999990
1.630000 5.999991
1.640000 5.999992
1.650000 5.999993
1.660000 5.999993
1.670000 5.999994
1.680000 5.999995
1.690000 5.999995
1.700000 5.999996
1.710000 5.999996
1.720000 5.999996
1.730000 5.999997
1.740000 5.999997
1.750000 5.999997
1.760000 5.999997
1.770000 5.999998
1.780000 5.999998
1.790000 5.999998
1.800000 5.999998
1.810000 5.999998
1.820000 5.999999
1.830000 5.999999
1.840000 5.999999
1.850000 5.999999
1.860000 5.999999
1.870000 5.999999
1.880000 5.999999
1.890000 5.999999
1.900000 5.999999
1.910000 5.999999
1.920000 5.999999
1.930000 5.999999
1.940000 6.000000
1.950000 6.000000
1.960000 6.000000
1.970000 6.000000
1.980000 6.000000
1.990000 6.000000
2.000000 6.000000
2.010000 6.000000
2.020000 6.000000
2.030000 6.000000
2.040000 6.000000
2.050000 6.000000
2.060000 6.000000
2.070000 6.000000
2.080000 6.000000
2.090000 6.000000
2.100000 6.000000
2.110000 6.000000
2.120000 6.000000
2.130000 6.000000
2.140000 6.000000
2.150000 6.000000
2.160000 6.000000
2.170000 6.000000
2.180000 6.000000
2.190000 6.000000
2.200000 6.000000
2.210000 6.000000
2.220000 6.000000
2.230000 6.000000
2.240000 6.000000
2.250000 6.000000
2.260000 6.000000
2.270000 6.000000
2.280000 6.000000
2.290000 6.000000
2.300000 6.000000
2.310000 6.000000
2.320000 6.000000
2.330000 6.000000
2.340000 6.000000
2.350000 6.000000
2.360000 6.000000
2.370000 6.000000
2.380000 6.000000
2.390000 6.000000
2.400000 6.000000
2.410000 6.000000
2.420000 6.000000
2.430000 6.000000
2.440000 6.000000
2.450000 6.000000
2.460000 6.000000
2.470000 6.000000
2.480000 6.000000
2.490000 6.000000
2.500000 6.000000
2.510000 6.000000
2.520000 6.000000
2.530000 6.000000
2.540000 6.000000
2.550000 6.000000
2.560000 6.000000
2.570000 6.000000
2.580000 6.000000
2.590000 6.000000
2.600000 6.000000
2.610000 6.000000
2.620000 6.000000
2.630000 6.000000
2.640000 6.000000
2.650000 6.000000
2.660000 6.000000
2.670000 6.000000
2.680000 6.000000
2.690000 6.000000
2.700000 6.000000
2.710000 6.000000
2.720000 6.000000
2.730000 6.000000
2.740000 6.000000
2.750000 6.000000
2.760000 6.000000
2.770000 6.000000
2.780000 6.000000
2.790000 6.000000
2.800000 6.000000
2.810000 6.000000
2.820000 6.000000
2.830000 6.000000
2.840000 6.000000
2.850000 6.000000
2.860000 6.000000
2.870000 6.000000
2.880000 6.000000
2.890000 6.000000
2.900000 6.000000
2.910000 6.000000
2.920000 6.000000
2.930000 6.000000
2.940000 6.000000
2.950000 6.000000
2.960000 6.000000
2.970000 6.000000
2.980000 6.000000
2.990000 6.000000
3.000000 6.000000
3.010000 6.000000
3.020000 6.000000
3.030000 6.000000
3.040000 6.000000
3.050000 6.000000
3.060000 6.000000
3.070000 6.000000
3.080000 6.000000
3.090000 6.000000
3.100000 6.000000
3.110000 6.000000
3.120000 6.000000
3.130000 6.000000
3.140000 6.000000
3.150000 6.000000
3.160000 6.000000
3.170000 6.000000
3.180000 6.000000
3.190000 6.000000
3.200000 6.000000
3.210000 6.000000
3.220000 6.000000
3.230000 6.000000
3.240000 6.000000
3.250000 6.000000
3.260000 6.000000
3.270000 6.000000
3.280000 6.000000
3.290000 6.000000
3.300000 6.000000
3.310000 6.000000
3.320000 6.000000
3.330000 6.000000
3.340000 6.000000
3.350000 6.000000
3.360000 6.000000
3.370000 6.000000
3.380000 6.000000
3.390000 6.000000
3.400000 6.000000
3.410000 6.000000
3.420000 6.000000
3.430000 6.000000
3.440000 6.000000
3.450000 6.000000
3.460000 6.000000
3.470000 6.000000
3.480000 6.000000
3.490000 6.000000
3.500000 6.000000
3.510000 6.000000
3.520000 6.000000
3.530000 6.000000
3.540000 6.000000
3.550000 6.000000
3.560000 6.000000
3.570000 6.000000
3.580000 6.000000
3.590000 6.000000
3.600000 6.000000
3.610000 6.000000
3.620000 6.000000
3.630000 6.000000
3.640000 6.000000
3.650000 6.000000
3.660000 6.000000
3.670000 6.000000
3.680000 6.000000
3.690000 6.000000
3.700000 6.000000
3.710000 6.000000
3.720000 6.000000
3.730000 6.000000
3.740000 6.000000
3.750000 6.000000
3.760000 6.000000
3.770000 6.000000
3.780000 6.000000
3.790000 6.000000
3.800000 6.000000
3.810000 6.000000
3.820000 6.000000
3.830000 6.000000
3.840000 6.000000
3.850000 6.000000
3.860000 6.000000
3.870000 6.000000
3.880000 6.000000
3.890000 6.000000
3.900000 6.000000
3.910000 6.000000
3.920000 6.000000
3.930000 6.000000
3.940000 6.000000
3.950000 6.000000
3.960000 6.000000
3.970000 6.000000
3.980000 6.000000
3.990000 6.000000
4.000000 6.000000
4.010000 6.000000
4.020000 6.000000
4.030000 6.000000
4.040000 6.000000
4.050000 6.000000
4.060000 6.000000
4.070000 6.000000
4.080000 6.000000
4.090000 6.000000
4.100000 6.000000
4.110000 6.000000
4.120000 6.000000
4.130000 6.000000
4.140000 6.000000
4.150000 6.000000
4.160000 6.000000
4.170000 6.000000
4.180000 6.000000
4.190000 6.000000
4.200000 6.000000
4.210000 6.000000
4.220000 6.000000
4.230000 6.000000
4.240000 6.000000
4.250000 6.000000
4.260000 6.000000
4.270000 6.000000
4.280000 6.000000
4.290000 6.000000
4.300000 6.000000
4.310000 6.000000
4.320000 6.000000
4.330000 6.000000
4.340000 6.000000
4.350000 6.000000
4.360000 6.000000
4.370000 6.000000
4.380000 6.000000
4.390000 6.000000
4.400000 6.000000
4.410000 6.000000
4.420000 6.000000
4.430000 6.000000
4.440000 6.000000
4.450000 6.000000
4.460000 6.000000
4.470000 6.000000
4.480000 6.000000
4.490000 6.000000
4.500000 6.000000
4.510000 6.000000
4.520000 6.000000
4.530000 6.000000
4.540000 6.000000
4.550000 6.000000
4.560000 6.000000
4.570000 6.000000
4.580000 6.000000
4.590000 6.000000
4.600000 6.000000
4.610000 6.000000
4.620000 6.000000
4.630000 6.000000
4.640000 6.000000
4.650000 6.000000
4.660000 6.000000
4.670000 6.000000
4.680000 6.000000
4.690000 6.000000
4.700000 6.000000
4.710000 6.000000
4.720000 6.000000
4.730000 6.000000
4.740000 6.000000
4.750000 6.000000
4.760000 6.000000
4.770000 6.000000
4.780000 6.000000
4.790000 6.000000
4.800000 6.000000
4.810000 6.000000
4.820000 6.000000
4.830000 6.000000
4.840000 6.000000
4.850000 6.000000
4.860000 6.000000
4.870000 6.000000
4.880000 6.000000
4.890000 6.000000
4.900000 6.000000
4.910000 6.000000
4.920000 6.000000
4.930000 6.000000
4.940000 6.000000
4.950000 6.000000
4.960000 6.000000
4.970000 6.000000
4.980000 6.000000
4.990000 6.000000
5.000000 6.000000
5.010000 6.000000
5.020000 6.000000
5.030000 6.000000
5.040000 6.000000
5.050000 6.000000
5.060000 6.000000
5.070000 6.000000
5.080000 6.000000
5.090000 6.000000
5.100000 6.000000
5.110000 6.000000
5.120000 6.000000
5.130000 6.000000
5.140000 6.000000
5.150000 6.000000
5.160000 6.000000
5.170000 6.000000
5.180000 6.000000
5.190000 6.000000
5.200000 6.000000
5.210000 6.000000
5.220000 6.000000
5.230000 6.000000
5.240000 6.000000
5.250000 6.000000
5.260000 6.000000
5.270000 6.000000
5.280000 6.000000
5.290000 6.000000
5.300000 6.000000
5.310000 6.000000
5.320000 6.000000
5.330000 6.000000
5.340000 6.000000
5.350000 6.000000
5.360000 6.000000
5.370000 6.000000
5.380000 6.000000
5.390000 6.000000
5.400000 6.000000
5.410000 6.000000
5.420000 6.000000
5.430000 6.000000
5.440000 6.000000
5.450000 6.000000
5.460000 6.000000
5.470000 6.000000
5.480000 6.000000
5.490000 6.000000
5.500000 6.000000
5.510000 6.000000
5.520000 6.000000
5.530000 6.000000
5.540000 6.000000
5.550000 6.000000
5.560000 6.000000
5.570000 6.000000
5.580000 6.000000
5.590000 6.000000
5.600000 6.000000
5.610000 6.000000
5.620000 6.000000
5.630000 6.000000
5.640000 6.000000
5.650000 6.000000
5.660000 6.000000
5.670000 6.000000
5.680000 6.000000
5.690000 6.000000
5.700000 6.000000
5.710000 6.000000
5.720000 6.000000
5.730000 6.000000
5.740000 6.000000
5.750000 6.000000
5.760000 6.000000
5.770000 6.000000
5.780000 6.000000
5.790000 6.000000
5.800000 6.000000
5.810000 6.000000
5.820000 6.000000
5.830000 6.000000
5.840000 6.000000
5.850000 6.000000
5.860000 6.000000
5.870000 6.000000
5.880000 6.000000
5.890000 6.000000
5.900000 6.000000
5.910000 6.000000
5.920000 6.000000
5.930000 6.000000
5.940000 6.000000
5.950000 6.000000
5.960000 6.000000
5.970000 6.000000
5.980000 6.000000
5.990000 6.000000
6.000000 6.000000
6.010000 6.000000
6.020000 6.000000
6.030000 6.000000
6.040000 6.000000
6.050000 6.000000
6.060000 6.000000
6.070000 6.000000
6.080000 6.000000
6.090000 6.000000
6.100000 6.000000
6.110000 6.000000
6.120000 6.000000
6.130000 6.000000
6.140000 6.000000
6.150000 6.000000
6.160000 6.000000
6.170000 6.000000
6.180000 6.000000
6.190000 6.000000
6.200000 6.000000
6.210000 6.000000
6.220000 6.000000
6.230000 6.000000
6.240000 6.000000
6.250000 6.000000
6.260000 6.000000
6.270000 6.000000
6.280000 6.000000
6.290000 6.000000
6.300000 6.000000
6.310000 6.000000
6.320000 6.000000
6.330000 6.000000
6.340000 6.000000
6.350000 6.000000
6.360000 6.000000
6.370000 6.000000
6.380000 6.000000
6.390000 6.000000
6.400000 6.000000
6.410000 6.000000
6.420000 6.000000
6.430000 6.000000
6.440000 6.000000
6.450000 6.000000
6.460000 6.000000
6.470000 6.000000
6.480000 6.000000
6.490000 6.000000
6.500000 6.000000
6.510000 6.000000
6.520000 6.000000
6.530000 6.000000
6.540000 6.000000
6.550000 6.000000
6.560000 6.000000
6.570000 6.000000
6.580000 6.000000
6.590000 6.000000
6.600000 6.000000
6.610000 6.000000
6.620000 6.000000
6.630000 6.000000
6.640000 6.000000
6.650000 6.000000
6.660000 6.000000
6.670000 6.000000
6.680000 6.000000
6.690000 6.000000
6.700000 6.000000
6.710000 6.000000
6.720000 6.000000
6.730000 6.000000
6.740000 6.000000
6.750000 6.000000
6.760000 6.000000
6.770000 6.000000
6.780000 6.000000
6.790000 6.000000
6.800000 6.000000
6.810000 6.000000
6.820000 6.000000
6.830000 6.000000
6.840000 6.000000
6.850000 6.000000
6.860000 6.000000
6.870000 6.000000
6.880000 6.000000
6.890000 6.000000
6.900000 6.000000
6.910000 6.000000
6.920000 6.000000
6.930000 6.000000
6.940000 6.000000
6.950000 6.000000
6.960000 6.000000
6.970000 6.000000
6.980000 6.000000
6.990000 6.000000
7.000000 6.000000
