Time y1 y2
-10.00    0.0000    0.0000 
-9.90    0.0000    0.0000 
-9.80    0.0000    0.0000 
-9.70    0.0000    0.0000 
-9.60    0.0000    0.0000 
-9.50    0.0000    0.0000 
-9.40    0.0000    0.0000 
-9.30    0.0000    0.0000 
-9.20    0.0000    0.0000 
-9.10    0.0000    0.0000 
-9.00    0.0000    0.0000 
-8.90    0.0000    0.0000 
-8.80    0.0000    0.0000 
-8.70    0.0000    0.0000 
-8.60    0.0000    0.0000 
-8.50    0.0000    0.0000 
-8.40    0.0000    0.0000 
-8.30    0.0000    0.0000 
-8.20    0.0000    0.0000 
-8.10    0.0000    0.0000 
-8.00    0.0000    0.0000 
-7.90    0.0000    0.0000 
-7.80    0.0000    0.0000 
-7.70    0.0000    0.0000 
-7.60    0.0000    0.0000 
-7.50    0.0000    0.0000 
-7.40    0.0000    0.0000 
-7.30    0.0000    0.0000 
-7.20    0.0000    0.0000 
-7.10    0.0000    0.0000 
-7.00    0.0000    0.0000 
-6.90    0.0000    0.0000 
-6.80    0.0000    0.0000 
-6.70    0.0000    0.0000 
-6.60    0.0000    0.0000 
-6.50    0.0000    0.0000 
-6.40    0.0000    0.0000 
-6.30    0.0000    0.0000 
-6.20    0.0000    0.0000 
-6.10    0.0000    0.0000 
-6.00    0.0000    0.0000 
-5.90    0.0000    0.0000 
-5.80    0.0000    0.0000 
-5.70    0.0000    0.0000 
-5.60    0.0000    0.0000 
-5.50    0.0000    0.0000 
-5.40    0.0000    0.0000 
-5.30    0.0000    0.0000 
-5.20    0.0000    0.0000 
-5.10    0.0000    0.0000 
-5.00    0.0000    0.0000 
-4.90    0.0000    0.0000 
-4.80    0.0000    0.0000 
-4.70    0.0000    0.0000 
-4.60    0.0000    0.0000 
-4.50    0.0000    0.0000 
-4.40    0.0000    0.0000 
-4.30    0.0000    0.0000 
-4.20    0.0000    0.0000 
-4.10    0.0000    0.0000 
-4.00    0.0000    0.0000 
-3.90    0.0000    0.0000 
-3.80    0.0000    0.0000 
-3.70    0.0000    0.0000 
-3.60    0.0000    0.0000 
-3.50    0.0000    0.0000 
-3.40    0.0000    0.0000 
-3.30    0.0000    0.0000 
-3.20    0.0000    0.0000 
-3.10    0.0000    0.0000 
-3.00    0.0000    0.0000 
-2.90    0.0000    0.0000 
-2.80    0.0000    0.0000 
-2.70    0.0000    0.0000 
-2.60    0.0000    0.0000 
-2.50    0.0000    0.0000 
-2.40    0.0000    0.0000 
-2.30    0.0000    0.0000 
-2.20    0.0000    0.0000 
-2.10    0.0000    0.0000 
-2.00    0.0000    0.0000 
-1.90    0.0000    0.0000 
-1.80    0.0000    0.0000 
-1.70    0.0000    0.0000 
-1.60    0.0000    0.0000 
-1.50    0.0000    0.0000 
-1.40    0.0000    0.0000 
-1.30    0.0000    0.0000 
-1.20    0.0000    0.0000 
-1.10    0.0000    0.0000 
-1.00    0.0000    0.0000 
-0.90    0.0000    0.0000 
-0.80    0.0000    0.0000 
-0.70    0.0000    0.0000 
-0.60    0.0000    0.0000 
-0.50    0.0000    0.0000 
-0.40    0.0000    0.0000 
-0.30    0.0000    0.0000 
-0.20    0.0000    0.0000 
-0.10    0.0000    0.0000 
-0.00    0.0000    0.0000 
0.10    0.2761    2.2574 
0.20    0.5088    1.6199 
0.30    0.7037    1.0743 
0.40    0.8659    0.6088 
0.50    1.0000    0.2131 
0.60    1.1098    -0.1219 
0.70    1.1986    -0.4041 
0.80    1.2696    -0.6405 
0.90    1.3253    -0.8374 
1.00    1.3679    -1.0000 
1.10    1.3994    -1.1331 
1.20    1.4217    -1.2410 
1.30    1.4361    -1.3270 
1.40    1.4439    -1.3946 
1.50    1.4463    -1.4463 
1.60    1.4442    -1.4846 
1.70    1.4384    -1.5115 
1.80    1.4298    -1.5290 
1.90    1.4188    -1.5384 
2.00    1.4060    -1.5413 
2.10    1.3919    -1.5388 
2.20    1.3767    -1.5319 
2.30    1.3609    -1.5213 
2.40    1.3447    -1.5080 
2.50    1.3283    -1.4925 
2.60    1.3119    -1.4754 
2.70    1.2957    -1.4570 
2.80    1.2797    -1.4378 
2.90    1.2641    -1.4182 
3.00    1.2489    -1.3983 
3.10    1.2343    -1.3784 
3.20    1.2201    -1.3587 
3.30    1.2065    -1.3393 
3.40    1.1936    -1.3204 
3.50    1.1812    -1.3020 
3.60    1.1694    -1.2842 
3.70    1.1582    -1.2670 
3.80    1.1476    -1.2506 
3.90    1.1376    -1.2348 
4.00    1.1282    -1.2198 
4.10    1.1193    -1.2055 
4.20    1.1110    -1.1919 
4.30    1.1031    -1.1791 
4.40    1.0958    -1.1670 
4.50    1.0889    -1.1555 
4.60    1.0824    -1.1447 
4.70    1.0764    -1.1346 
4.80    1.0708    -1.1251 
4.90    1.0655    -1.1162 
5.00    1.0606    -1.1078 
5.10    1.0561    -1.1000 
5.20    1.0519    -1.0927 
5.30    1.0479    -1.0859 
5.40    1.0443    -1.0795 
5.50    1.0409    -1.0736 
5.60    1.0377    -1.0680 
5.70    1.0348    -1.0629 
5.80    1.0321    -1.0581 
5.90    1.0296    -1.0537 
6.00    1.0273    -1.0496 
6.10    1.0251    -1.0458 
6.20    1.0231    -1.0422 
6.30    1.0213    -1.0389 
6.40    1.0196    -1.0359 
6.50    1.0180    -1.0331 
6.60    1.0166    -1.0305 
6.70    1.0153    -1.0281 
6.80    1.0140    -1.0258 
6.90    1.0129    -1.0238 
7.00    1.0119    -1.0219 
7.10    1.0109    -1.0201 
7.20    1.0100    -1.0185 
7.30    1.0092    -1.0170 
7.40    1.0084    -1.0156 
7.50    1.0077    -1.0144 
7.60    1.0071    -1.0132 
7.70    1.0065    -1.0121 
7.80    1.0060    -1.0111 
7.90    1.0055    -1.0102 
8.00    1.0050    -1.0094 
8.10    1.0046    -1.0086 
8.20    1.0042    -1.0079 
8.30    1.0039    -1.0073 
8.40    1.0036    -1.0067 
8.50    1.0033    -1.0061 
8.60    1.0030    -1.0056 
8.70    1.0027    -1.0051 
8.80    1.0025    -1.0047 
8.90    1.0023    -1.0043 
9.00    1.0021    -1.0039 
9.10    1.0019    -1.0036 
9.20    1.0018    -1.0033 
9.30    1.0016    -1.0030 
9.40    1.0015    -1.0028 
9.50    1.0013    -1.0025 
9.60    1.0012    -1.0023 
9.70    1.0011    -1.0021 
9.80    1.0010    -1.0020 
9.90    1.0009    -1.0018 
10.00    1.0009    -1.0016 
