0.000000 -1.905382
0.006283 -1.904869
0.012566 -1.903328
0.018850 -1.900760
0.025133 -1.897166
0.031416 -1.892546
0.037699 -1.886900
0.043982 -1.880230
0.050265 -1.872537
0.056549 -1.863822
0.062832 -1.854086
0.069115 -1.843330
0.075398 -1.831558
0.081681 -1.818769
0.087965 -1.804967
0.094248 -1.790154
0.100531 -1.774332
0.106814 -1.757503
0.113097 -1.739670
0.119381 -1.720836
0.125664 -1.701004
0.131947 -1.680177
0.138230 -1.658358
0.144513 -1.635551
0.150796 -1.611759
0.157080 -1.586986
0.163363 -1.561237
0.169646 -1.534514
0.175929 -1.506823
0.182212 -1.478167
0.188496 -1.448552
0.194779 -1.417981
0.201062 -1.386460
0.207345 -1.353994
0.213628 -1.320587
0.219911 -1.286246
0.226195 -1.250975
0.232478 -1.214780
0.238761 -1.177667
0.245044 -1.139642
0.251327 -1.100710
0.257611 -1.060878
0.263894 -1.020152
0.270177 -0.978539
0.276460 -0.936045
0.282743 -0.892676
0.289027 -0.848440
0.295310 -0.803344
0.301593 -0.757394
0.307876 -0.710599
0.314159 -0.662965
0.320442 -0.614500
0.326726 -0.565211
0.333009 -0.515107
0.339292 -0.464195
0.345575 -0.412483
0.351858 -0.359980
0.358142 -0.306694
0.364425 -0.252632
0.370708 -0.197805
0.376991 -0.142220
0.383274 -0.085886
0.389557 -0.028812
0.395841 0.028993
0.402124 0.087520
0.408407 0.146759
0.414690 0.206702
0.420973 0.267338
0.427257 0.328659
0.433540 0.390654
0.439823 0.453313
0.446106 0.516628
0.452389 0.580587
0.458673 0.645181
0.464956 0.710399
0.471239 0.776232
0.477522 0.842669
0.483805 0.909699
0.490088 0.977311
0.496372 1.045496
0.502655 1.114242
0.508938 1.183538
0.515221 1.253374
0.521504 1.323738
0.527788 1.394620
0.534071 1.466008
0.540354 1.537891
0.546637 1.610257
0.552920 1.683096
0.559203 1.756395
0.565487 1.830143
0.571770 1.904328
0.578053 1.978940
0.584336 2.053965
0.590619 2.129392
0.596903 2.205209
0.603186 2.281404
0.609469 2.357966
0.615752 2.434882
0.622035 2.512139
0.628319 2.589726
0.634602 2.667631
0.640885 2.745841
0.647168 2.824343
0.653451 2.903126
0.659734 2.982177
0.666018 3.061484
0.672301 3.141033
0.678584 3.220813
0.684867 3.300810
0.691150 3.381013
0.697434 3.461408
0.703717 3.541983
0.710000 3.622725
0.716283 3.703621
0.722566 3.784659
0.728849 3.865826
0.735133 3.947109
0.741416 4.028494
0.747699 4.109970
0.753982 4.191524
0.760265 4.273141
0.766549 4.354811
0.772832 4.436519
0.779115 4.518253
0.785398 4.600000
0.791681 4.681747
0.797965 4.763481
0.804248 4.845189
0.810531 4.926858
0.816814 5.008476
0.823097 5.090030
0.829380 5.171506
0.835664 5.252891
0.841947 5.334174
0.848230 5.415341
0.854513 5.496379
0.860796 5.577275
0.867080 5.658017
0.873363 5.738592
0.879646 5.818987
0.885929 5.899190
0.892212 5.979187
0.898495 6.058967
0.904779 6.138516
0.911062 6.217823
0.917345 6.296874
0.923628 6.375657
0.929911 6.454159
0.936195 6.532369
0.942478 6.610274
0.948761 6.687861
0.955044 6.765118
0.961327 6.842034
0.967611 6.918596
0.973894 6.994791
0.980177 7.070608
0.986460 7.146035
0.992743 7.221060
0.999026 7.295672
1.005310 7.369857
1.011593 7.443605
1.017876 7.516904
1.024159 7.589743
1.030442 7.662109
1.036726 7.733992
1.043009 7.805380
1.049292 7.876261
1.055575 7.946626
1.061858 8.016462
1.068142 8.085758
1.074425 8.154504
1.080708 8.222689
1.086991 8.290301
1.093274 8.357331
1.099557 8.423768
1.105841 8.489601
1.112124 8.554819
1.118407 8.619413
1.124690 8.683372
1.130973 8.746687
1.137257 8.809346
1.143540 8.871341
1.149823 8.932662
1.156106 8.993298
1.162389 9.053241
1.168672 9.112480
1.174956 9.171007
1.181239 9.228812
1.187522 9.285886
1.193805 9.342220
1.200088 9.397805
1.206372 9.452632
1.212655 9.506694
1.218938 9.559980
1.225221 9.612483
1.231504 9.664195
1.237788 9.715107
1.244071 9.765211
1.250354 9.814500
1.256637 9.862965
1.262920 9.910599
1.269203 9.957394
1.275487 10.003344
1.281770 10.048440
1.288053 10.092676
1.294336 10.136045
1.300619 10.178539
1.306903 10.220152
1.313186 10.260878
1.319469 10.300710
1.325752 10.339642
1.332035 10.377667
1.338318 10.414780
1.344602 10.450975
1.350885 10.486246
1.357168 10.520587
1.363451 10.553994
1.369734 10.586460
1.376018 10.617981
1.382301 10.648552
1.388584 10.678167
1.394867 10.706823
1.401150 10.734514
1.407434 10.761237
1.413717 10.786986
1.420000 10.811759
1.426283 10.835551
1.432566 10.858358
1.438849 10.880177
1.445133 10.901004
1.451416 10.920836
1.457699 10.939670
1.463982 10.957503
1.470265 10.974332
1.476549 10.990154
1.482832 11.004967
1.489115 11.018769
1.495398 11.031558
1.501681 11.043330
1.507964 11.054086
1.514248 11.063822
1.520531 11.072537
1.526814 11.080230
1.533097 11.086900
1.539380 11.092545
1.545664 11.097166
1.551947 11.100760
1.558230 11.103328
1.564513 11.104869
1.570796 11.105382
1.577080 11.104869
1.583363 11.103328
1.589646 11.100760
1.595929 11.097166
1.602212 11.092546
1.608495 11.086900
1.614779 11.080230
1.621062 11.072537
1.627345 11.063822
1.633628 11.054086
1.639911 11.043330
1.646195 11.031558
1.652478 11.018769
1.658761 11.004967
1.665044 10.990154
1.671327 10.974332
1.677610 10.957503
1.683894 10.939670
1.690177 10.920836
1.696460 10.901004
1.702743 10.880177
1.709026 10.858358
1.715310 10.835551
1.721593 10.811759
1.727876 10.786986
1.734159 10.761237
1.740442 10.734514
1.746726 10.706823
1.753009 10.678167
1.759292 10.648552
1.765575 10.617981
1.771858 10.586460
1.778141 10.553994
1.784425 10.520587
1.790708 10.486246
1.796991 10.450975
1.803274 10.414780
1.809557 10.377667
1.815841 10.339642
1.822124 10.300710
1.828407 10.260878
1.834690 10.220152
1.840973 10.178539
1.847256 10.136045
1.853540 10.092676
1.859823 10.048440
1.866106 10.003344
1.872389 9.957394
1.878672 9.910599
1.884956 9.862965
1.891239 9.814500
1.897522 9.765211
1.903805 9.715107
1.910088 9.664195
1.916372 9.612483
1.922655 9.559980
1.928938 9.506694
1.935221 9.452632
1.941504 9.397805
1.947787 9.342220
1.954071 9.285886
1.960354 9.228812
1.966637 9.171007
1.972920 9.112480
1.979203 9.053241
1.985487 8.993298
1.991770 8.932662
1.998053 8.871341
2.004336 8.809346
2.010619 8.746687
2.016902 8.683372
2.023186 8.619413
2.029469 8.554819
2.035752 8.489601
2.042035 8.423768
2.048318 8.357331
2.054602 8.290301
2.060885 8.222689
2.067168 8.154504
2.073451 8.085758
2.079734 8.016462
2.086018 7.946626
2.092301 7.876262
2.098584 7.805380
2.104867 7.733992
2.111150 7.662109
2.117433 7.589743
2.123717 7.516904
2.130000 7.443605
2.136283 7.369857
2.142566 7.295672
2.148849 7.221060
2.155133 7.146035
2.161416 7.070608
2.167699 6.994791
2.173982 6.918596
2.180265 6.842034
2.186548 6.765118
2.192832 6.687861
2.199115 6.610274
2.205398 6.532369
2.211681 6.454159
2.217964 6.375657
2.224248 6.296874
2.230531 6.217823
2.236814 6.138516
2.243097 6.058967
2.249380 5.979187
2.255664 5.899190
2.261947 5.818987
2.268230 5.738592
2.274513 5.658017
2.280796 5.577275
2.287079 5.496379
2.293363 5.415341
2.299646 5.334174
2.305929 5.252891
2.312212 5.171506
2.318495 5.090030
2.324779 5.008476
2.331062 4.926859
2.337345 4.845189
2.343628 4.763481
2.349911 4.681747
2.356194 4.600000
2.362478 4.518253
2.368761 4.436519
2.375044 4.354811
2.381327 4.273142
2.387610 4.191524
2.393894 4.109970
2.400177 4.028494
2.406460 3.947109
2.412743 3.865826
2.419026 3.784659
2.425310 3.703622
2.431593 3.622725
2.437876 3.541983
2.444159 3.461408
2.450442 3.381013
2.456725 3.300810
2.463009 3.220813
2.469292 3.141033
2.475575 3.061484
2.481858 2.982177
2.488141 2.903126
2.494425 2.824343
2.500708 2.745841
2.506991 2.667631
2.513274 2.589726
2.519557 2.512139
2.525840 2.434882
2.532124 2.357966
2.538407 2.281404
2.544690 2.205209
2.550973 2.129392
2.557256 2.053965
2.563540 1.978940
2.569823 1.904328
2.576106 1.830143
2.582389 1.756395
2.588672 1.683096
2.594956 1.610257
2.601239 1.537891
2.607522 1.466008
2.613805 1.394620
2.620088 1.323739
2.626371 1.253374
2.632655 1.183538
2.638938 1.114242
2.645221 1.045496
2.651504 0.977311
2.657787 0.909699
2.664071 0.842669
2.670354 0.776232
2.676637 0.710399
2.682920 0.645181
2.689203 0.580587
2.695486 0.516628
2.701770 0.453313
2.708053 0.390654
2.714336 0.328659
2.720619 0.267338
2.726902 0.206702
2.733186 0.146759
2.739469 0.087520
2.745752 0.028993
2.752035 -0.028812
2.758318 -0.085886
2.764602 -0.142220
2.770885 -0.197805
2.777168 -0.252632
2.783451 -0.306694
2.789734 -0.359980
2.796017 -0.412483
2.802301 -0.464195
2.808584 -0.515107
2.814867 -0.565211
2.821150 -0.614500
2.827433 -0.662965
2.833717 -0.710599
2.840000 -0.757394
2.846283 -0.803344
2.852566 -0.848440
2.858849 -0.892676
2.865132 -0.936044
2.871416 -0.978539
2.877699 -1.020152
2.883982 -1.060878
2.890265 -1.100710
2.896548 -1.139642
2.902832 -1.177667
2.909115 -1.214780
2.915398 -1.250975
2.921681 -1.286246
2.927964 -1.320587
2.934248 -1.353994
2.940531 -1.386460
2.946814 -1.417981
2.953097 -1.448552
2.959380 -1.478167
2.965663 -1.506823
2.971947 -1.534514
2.978230 -1.561237
2.984513 -1.586986
2.990796 -1.611759
2.997079 -1.635551
3.003363 -1.658358
3.009646 -1.680177
3.015929 -1.701004
3.022212 -1.720836
3.028495 -1.739670
3.034778 -1.757503
3.041062 -1.774332
3.047345 -1.790154
3.053628 -1.804967
3.059911 -1.818769
3.066194 -1.831558
3.072478 -1.843330
3.078761 -1.854085
3.085044 -1.863822
3.091327 -1.872537
3.097610 -1.880230
3.103894 -1.886900
3.110177 -1.892545
3.116460 -1.897166
3.122743 -1.900760
3.129026 -1.903328
3.135309 -1.904869
3.141593 -1.905382
3.147876 -1.904869
3.154159 -1.903328
3.160442 -1.900760
3.166725 -1.897166
3.173009 -1.892546
3.179292 -1.886900
3.185575 -1.880230
3.191858 -1.872537
3.198141 -1.863822
3.204425 -1.854086
3.210708 -1.843330
3.216991 -1.831558
3.223274 -1.818769
3.229557 -1.804967
3.235840 -1.790154
3.242124 -1.774332
3.248407 -1.757503
3.254690 -1.739670
3.260973 -1.720836
3.267256 -1.701004
3.273540 -1.680177
3.279823 -1.658358
3.286106 -1.635551
3.292389 -1.611759
3.298672 -1.586986
3.304955 -1.561237
3.311239 -1.534514
3.317522 -1.506823
3.323805 -1.478167
3.330088 -1.448552
3.336371 -1.417981
3.342655 -1.386460
3.348938 -1.353994
3.355221 -1.320587
3.361504 -1.286246
3.367787 -1.250975
3.374071 -1.214780
3.380354 -1.177667
3.386637 -1.139642
3.392920 -1.100710
3.399203 -1.060878
3.405486 -1.020152
3.411770 -0.978539
3.418053 -0.936045
3.424336 -0.892676
3.430619 -0.848440
3.436902 -0.803344
3.443186 -0.757394
3.449469 -0.710599
3.455752 -0.662965
3.462035 -0.614500
3.468318 -0.565211
3.474601 -0.515107
3.480885 -0.464195
3.487168 -0.412483
3.493451 -0.359980
3.499734 -0.306694
3.506017 -0.252632
3.512301 -0.197805
3.518584 -0.142220
3.524867 -0.085886
3.531150 -0.028812
3.537433 0.028993
3.543717 0.087520
3.550000 0.146759
3.556283 0.206702
3.562566 0.267338
3.568849 0.328659
3.575132 0.390654
3.581416 0.453313
3.587699 0.516628
3.593982 0.580587
3.600265 0.645181
3.606548 0.710399
3.612832 0.776232
3.619115 0.842669
3.625398 0.909699
3.631681 0.977311
3.637964 1.045496
3.644247 1.114242
3.650531 1.183538
3.656814 1.253374
3.663097 1.323738
3.669380 1.394620
3.675663 1.466008
3.681947 1.537891
3.688230 1.610257
3.694513 1.683096
3.700796 1.756395
3.707079 1.830143
3.713363 1.904328
3.719646 1.978940
3.725929 2.053965
3.732212 2.129392
3.738495 2.205209
3.744778 2.281404
3.751062 2.357966
3.757345 2.434882
3.763628 2.512139
3.769911 2.589726
3.776194 2.667631
3.782478 2.745841
3.788761 2.824343
3.795044 2.903126
3.801327 2.982177
3.807610 3.061484
3.813893 3.141033
3.820177 3.220813
3.826460 3.300810
3.832743 3.381013
3.839026 3.461408
3.845309 3.541983
3.851593 3.622725
3.857876 3.703621
3.864159 3.784659
3.870442 3.865826
3.876725 3.947109
3.883009 4.028494
3.889292 4.109970
3.895575 4.191524
3.901858 4.273141
3.908141 4.354811
3.914424 4.436519
3.920708 4.518253
3.926991 4.600000
3.933274 4.681747
3.939557 4.763481
3.945840 4.845189
3.952124 4.926858
3.958407 5.008476
3.964690 5.090030
3.970973 5.171506
3.977256 5.252891
3.983539 5.334174
3.989823 5.415341
3.996106 5.496378
4.002389 5.577275
4.008672 5.658017
4.014955 5.738592
4.021239 5.818987
4.027522 5.899190
4.033805 5.979187
4.040088 6.058967
4.046371 6.138516
4.052655 6.217823
4.058938 6.296874
4.065221 6.375657
4.071504 6.454159
4.077787 6.532369
4.084070 6.610274
4.090354 6.687861
4.096637 6.765118
4.102920 6.842034
4.109203 6.918596
4.115486 6.994791
4.121770 7.070608
4.128053 7.146035
4.134336 7.221060
4.140619 7.295672
4.146902 7.369857
4.153185 7.443605
4.159469 7.516904
4.165752 7.589743
4.172035 7.662109
4.178318 7.733992
4.184601 7.805380
4.190885 7.876261
4.197168 7.946626
4.203451 8.016462
4.209734 8.085758
4.216017 8.154504
4.222301 8.222689
4.228584 8.290301
4.234867 8.357331
4.241150 8.423768
4.247433 8.489600
4.253716 8.554819
4.260000 8.619413
4.266283 8.683372
4.272566 8.746687
4.278849 8.809346
4.285132 8.871341
4.291416 8.932662
4.297699 8.993298
4.303982 9.053241
4.310265 9.112480
4.316548 9.171007
4.322831 9.228812
4.329115 9.285886
4.335398 9.342220
4.341681 9.397805
4.347964 9.452632
4.354247 9.506694
4.360531 9.559980
4.366814 9.612483
4.373097 9.664195
4.379380 9.715107
4.385663 9.765211
4.391947 9.814500
4.398230 9.862965
4.404513 9.910599
4.410796 9.957394
4.417079 10.003344
4.423362 10.048440
4.429646 10.092676
4.435929 10.136044
4.442212 10.178539
4.448495 10.220152
4.454778 10.260878
4.461062 10.300710
4.467345 10.339642
4.473628 10.377667
4.479911 10.414780
4.486194 10.450975
4.492477 10.486246
4.498761 10.520587
4.505044 10.553994
4.511327 10.586460
4.517610 10.617981
4.523893 10.648552
4.530177 10.678167
4.536460 10.706823
4.542743 10.734514
4.549026 10.761237
4.555309 10.786986
4.561593 10.811759
4.567876 10.835551
4.574159 10.858358
4.580442 10.880177
4.586725 10.901004
4.593008 10.920836
4.599292 10.939670
4.605575 10.957503
4.611858 10.974332
4.618141 10.990154
4.624424 11.004967
4.630708 11.018769
4.636991 11.031558
4.643274 11.043330
4.649557 11.054085
4.655840 11.063822
4.662123 11.072537
4.668407 11.080230
4.674690 11.086900
4.680973 11.092545
4.687256 11.097166
4.693539 11.100760
4.699823 11.103328
4.706106 11.104869
4.712389 11.105382
4.718672 11.104869
4.724955 11.103328
4.731239 11.100760
4.737522 11.097166
4.743805 11.092546
4.750088 11.086900
4.756371 11.080230
4.762654 11.072537
4.768938 11.063822
4.775221 11.054086
4.781504 11.043330
4.787787 11.031558
4.794070 11.018769
4.800354 11.004967
4.806637 10.990154
4.812920 10.974332
4.819203 10.957503
4.825486 10.939670
4.831769 10.920836
4.838053 10.901004
4.844336 10.880177
4.850619 10.858358
4.856902 10.835551
4.863185 10.811759
4.869469 10.786986
4.875752 10.761237
4.882035 10.734514
4.888318 10.706823
4.894601 10.678167
4.900885 10.648552
4.907168 10.617981
4.913451 10.586460
4.919734 10.553994
4.926017 10.520587
4.932300 10.486246
4.938584 10.450975
4.944867 10.414780
4.951150 10.377667
4.957433 10.339642
4.963716 10.300710
4.970000 10.260878
4.976283 10.220152
4.982566 10.178539
4.988849 10.136045
4.995132 10.092676
5.001415 10.048440
5.007699 10.003344
5.013982 9.957394
5.020265 9.910599
5.026548 9.862965
5.032831 9.814500
5.039115 9.765211
5.045398 9.715107
5.051681 9.664195
5.057964 9.612483
5.064247 9.559980
5.070531 9.506694
5.076814 9.452632
5.083097 9.397805
5.089380 9.342220
5.095663 9.285886
5.101946 9.228812
5.108230 9.171007
5.114513 9.112480
5.120796 9.053241
5.127079 8.993298
5.133362 8.932662
5.139646 8.871341
5.145929 8.809347
5.152212 8.746687
5.158495 8.683372
5.164778 8.619413
5.171062 8.554819
5.177345 8.489601
5.183628 8.423768
5.189911 8.357331
5.196194 8.290301
5.202477 8.222689
5.208761 8.154504
5.215044 8.085758
5.221327 8.016462
5.227610 7.946626
5.233893 7.876262
5.240177 7.805380
5.246460 7.733992
5.252743 7.662109
5.259026 7.589743
5.265309 7.516904
5.271592 7.443605
5.277876 7.369857
5.284159 7.295672
5.290442 7.221061
5.296725 7.146035
5.303008 7.070608
5.309292 6.994791
5.315575 6.918596
5.321858 6.842034
5.328141 6.765118
5.334424 6.687861
5.340708 6.610274
5.346991 6.532369
5.353274 6.454159
5.359557 6.375657
5.365840 6.296874
5.372123 6.217823
5.378407 6.138516
5.384690 6.058967
5.390973 5.979187
5.397256 5.899190
5.403539 5.818987
5.409823 5.738592
5.416106 5.658017
5.422389 5.577275
5.428672 5.496379
5.434955 5.415341
5.441238 5.334174
5.447522 5.252891
5.453805 5.171506
5.460088 5.090030
5.466371 5.008476
5.472654 4.926859
5.478938 4.845189
5.485221 4.763481
5.491504 4.681747
5.497787 4.600000
5.504070 4.518253
5.510354 4.436519
5.516637 4.354811
5.522920 4.273142
5.529203 4.191524
5.535486 4.109970
5.541769 4.028494
5.548053 3.947109
5.554336 3.865826
5.560619 3.784659
5.566902 3.703622
5.573185 3.622725
5.579469 3.541983
5.585752 3.461408
5.592035 3.381013
5.598318 3.300810
5.604601 3.220813
5.610884 3.141033
5.617168 3.061484
5.623451 2.982177
5.629734 2.903126
5.636017 2.824343
5.642300 2.745841
5.648584 2.667631
5.654867 2.589726
5.661150 2.512139
5.667433 2.434882
5.673716 2.357966
5.680000 2.281405
5.686283 2.205209
5.692566 2.129392
5.698849 2.053965
5.705132 1.978940
5.711415 1.904328
5.717699 1.830143
5.723982 1.756395
5.730265 1.683096
5.736548 1.610257
5.742831 1.537891
5.749115 1.466008
5.755398 1.394620
5.761681 1.323739
5.767964 1.253374
5.774247 1.183538
5.780530 1.114242
5.786814 1.045496
5.793097 0.977311
5.799380 0.909699
5.805663 0.842669
5.811946 0.776232
5.818230 0.710400
5.824513 0.645181
5.830796 0.580587
5.837079 0.516628
5.843362 0.453313
5.849646 0.390654
5.855929 0.328659
5.862212 0.267338
5.868495 0.206702
5.874778 0.146759
5.881061 0.087520
5.887345 0.028993
5.893628 -0.028812
5.899911 -0.085886
5.906194 -0.142220
5.912477 -0.197805
5.918761 -0.252632
5.925044 -0.306694
5.931327 -0.359980
5.937610 -0.412483
5.943893 -0.464195
5.950176 -0.515107
5.956460 -0.565211
5.962743 -0.614500
5.969026 -0.662965
5.975309 -0.710599
5.981592 -0.757394
5.987876 -0.803344
5.994159 -0.848440
6.000442 -0.892676
6.006725 -0.936044
6.013008 -0.978539
6.019292 -1.020152
6.025575 -1.060878
6.031858 -1.100710
6.038141 -1.139642
6.044424 -1.177667
6.050707 -1.214780
6.056991 -1.250975
6.063274 -1.286246
6.069557 -1.320587
6.075840 -1.353994
6.082123 -1.386460
6.088407 -1.417981
6.094690 -1.448552
6.100973 -1.478167
6.107256 -1.506823
6.113539 -1.534514
6.119822 -1.561237
6.126106 -1.586986
6.132389 -1.611759
6.138672 -1.635551
6.144955 -1.658358
6.151238 -1.680177
6.157522 -1.701004
6.163805 -1.720836
6.170088 -1.739670
6.176371 -1.757503
6.182654 -1.774332
6.188938 -1.790154
6.195221 -1.804967
6.201504 -1.818769
6.207787 -1.831558
6.214070 -1.843330
6.220353 -1.854085
6.226637 -1.863822
6.232920 -1.872537
6.239203 -1.880230
6.245486 -1.886900
6.251769 -1.892545
6.258053 -1.897166
6.264336 -1.900760
6.270619 -1.903328
6.276902 -1.904869
