0.000000 -2.000000
0.006283 -1.987394
0.012566 -1.974710
0.018850 -1.961948
0.025133 -1.949108
0.031416 -1.936192
0.037699 -1.923199
0.043982 -1.910130
0.050265 -1.896985
0.056549 -1.883766
0.062832 -1.870472
0.069115 -1.857105
0.075398 -1.843664
0.081681 -1.830151
0.087965 -1.816565
0.094248 -1.802907
0.100531 -1.789179
0.106814 -1.775379
0.113097 -1.761510
0.119381 -1.747571
0.125664 -1.733563
0.131947 -1.719487
0.138230 -1.705342
0.144513 -1.691131
0.150796 -1.676852
0.157080 -1.662508
0.163363 -1.648098
0.169646 -1.633622
0.175929 -1.619083
0.182212 -1.604479
0.188496 -1.589812
0.194779 -1.575082
0.201062 -1.560290
0.207345 -1.545437
0.213628 -1.530522
0.219911 -1.515547
0.226195 -1.500512
0.232478 -1.485418
0.238761 -1.470265
0.245044 -1.455055
0.251327 -1.439787
0.257611 -1.424462
0.263894 -1.409080
0.270177 -1.393643
0.276460 -1.378151
0.282743 -1.362605
0.289027 -1.347005
0.295310 -1.331352
0.301593 -1.315646
0.307876 -1.299888
0.314159 -1.284079
0.320442 -1.268219
0.326726 -1.252309
0.333009 -1.236350
0.339292 -1.220342
0.345575 -1.204286
0.351858 -1.188182
0.358142 -1.172031
0.364425 -1.155834
0.370708 -1.139591
0.376991 -1.123304
0.383274 -1.106972
0.389557 -1.090596
0.395841 -1.074177
0.402124 -1.057716
0.408407 -1.041213
0.414690 -1.024669
0.420973 -1.008085
0.427257 -0.991461
0.433540 -0.974797
0.439823 -0.958096
0.446106 -0.941356
0.452389 -0.924579
0.458673 -0.907766
0.464956 -0.890916
0.471239 -0.874032
0.477522 -0.857113
0.483805 -0.840160
0.490088 -0.823175
0.496372 -0.806156
0.502655 -0.789106
0.508938 -0.772025
0.515221 -0.754913
0.521504 -0.737771
0.527788 -0.720600
0.534071 -0.703401
0.540354 -0.686174
0.546637 -0.668920
0.552920 -0.651640
0.559203 -0.634334
0.565487 -0.617002
0.571770 -0.599647
0.578053 -0.582267
0.584336 -0.564865
0.590619 -0.547441
0.596903 -0.529994
0.603186 -0.512527
0.609469 -0.495040
0.615752 -0.477533
0.622035 -0.460007
0.628319 -0.442463
0.634602 -0.424902
0.640885 -0.407324
0.647168 -0.389730
0.653451 -0.372120
0.659734 -0.354496
0.666018 -0.336858
0.672301 -0.319206
0.678584 -0.301542
0.684867 -0.283866
0.691150 -0.266179
0.697434 -0.248481
0.703717 -0.230773
0.710000 -0.213056
0.716283 -0.195331
0.722566 -0.177598
0.728849 -0.159859
0.735133 -0.142112
0.741416 -0.124361
0.747699 -0.106604
0.753982 -0.088843
0.760265 -0.071079
0.766549 -0.053311
0.772832 -0.035542
0.779115 -0.017771
0.785398 0.000000
0.791681 0.017771
0.797965 0.035542
0.804248 0.053311
0.810531 0.071079
0.816814 0.088843
0.823097 0.106604
0.829380 0.124361
0.835664 0.142112
0.841947 0.159859
0.848230 0.177598
0.854513 0.195331
0.860796 0.213056
0.867080 0.230773
0.873363 0.248481
0.879646 0.266179
0.885929 0.283866
0.892212 0.301542
0.898495 0.319206
0.904779 0.336858
0.911062 0.354496
0.917345 0.372120
0.923628 0.389730
0.929911 0.407324
0.936195 0.424902
0.942478 0.442463
0.948761 0.460007
0.955044 0.477533
0.961327 0.495040
0.967611 0.512527
0.973894 0.529994
0.980177 0.547441
0.986460 0.564865
0.992743 0.582267
0.999026 0.599647
1.005310 0.617002
1.011593 0.634334
1.017876 0.651640
1.024159 0.668920
1.030442 0.686174
1.036726 0.703401
1.043009 0.720600
1.049292 0.737771
1.055575 0.754913
1.061858 0.772025
1.068142 0.789106
1.074425 0.806156
1.080708 0.823175
1.086991 0.840160
1.093274 0.857113
1.099557 0.874032
1.105841 0.890916
1.112124 0.907766
1.118407 0.924579
1.124690 0.941356
1.130973 0.958096
1.137257 0.974797
1.143540 0.991461
1.149823 1.008085
1.156106 1.024669
1.162389 1.041213
1.168672 1.057716
1.174956 1.074177
1.181239 1.090596
1.187522 1.106972
1.193805 1.123304
1.200088 1.139591
1.206372 1.155834
1.212655 1.172031
1.218938 1.188182
1.225221 1.204286
1.231504 1.220342
1.237788 1.236350
1.244071 1.252309
1.250354 1.268219
1.256637 1.284079
1.262920 1.299888
1.269203 1.315646
1.275487 1.331352
1.281770 1.347005
1.288053 1.362605
1.294336 1.378151
1.300619 1.393643
1.306903 1.409080
1.313186 1.424462
1.319469 1.439787
1.325752 1.455055
1.332035 1.470265
1.338318 1.485418
1.344602 1.500512
1.350885 1.515547
1.357168 1.530522
1.363451 1.545437
1.369734 1.560290
1.376018 1.575082
1.382301 1.589812
1.388584 1.604479
1.394867 1.619083
1.401150 1.633622
1.407434 1.648098
1.413717 1.662508
1.420000 1.676852
1.426283 1.691131
1.432566 1.705342
1.438849 1.719487
1.445133 1.733563
1.451416 1.747571
1.457699 1.761510
1.463982 1.775379
1.470265 1.789179
1.476549 1.802907
1.482832 1.816565
1.489115 1.830151
1.495398 1.843664
1.501681 1.857105
1.507964 1.870472
1.514248 1.883766
1.520531 1.896985
1.526814 1.910130
1.533097 1.923199
1.539380 1.936192
1.545664 1.949108
1.551947 1.961948
1.558230 1.974710
1.564513 1.987394
1.570796 2.000000
1.577080 2.012527
1.583363 2.024974
1.589646 2.037342
1.595929 2.049629
1.602212 2.061835
1.608495 2.073959
1.614779 2.086002
1.621062 2.097963
1.627345 2.109840
1.633628 2.121634
1.639911 2.133345
1.646195 2.144971
1.652478 2.156513
1.658761 2.167970
1.665044 2.179341
1.671327 2.190625
1.677610 2.201824
1.683894 2.212935
1.690177 2.223960
1.696460 2.234896
1.702743 2.245744
1.709026 2.256503
1.715310 2.267174
1.721593 2.277755
1.727876 2.288246
1.734159 2.298646
1.740442 2.308956
1.746726 2.319175
1.753009 2.329302
1.759292 2.339337
1.765575 2.349280
1.771858 2.359130
1.778141 2.368887
1.784425 2.378550
1.790708 2.388120
1.796991 2.397595
1.803274 2.406976
1.809557 2.416261
1.815841 2.425452
1.822124 2.434546
1.828407 2.443544
1.834690 2.452446
1.840973 2.461251
1.847256 2.469959
1.853540 2.478570
1.859823 2.487082
1.866106 2.495496
1.872389 2.503812
1.878672 2.512029
1.884956 2.520147
1.891239 2.528165
1.897522 2.536084
1.903805 2.543902
1.910088 2.551620
1.916372 2.559237
1.922655 2.566754
1.928938 2.574168
1.935221 2.581482
1.941504 2.588693
1.947787 2.595802
1.954071 2.602809
1.960354 2.609713
1.966637 2.616513
1.972920 2.623211
1.979203 2.629805
1.985487 2.636295
1.991770 2.642681
1.998053 2.648963
2.004336 2.655140
2.010619 2.661213
2.016902 2.667180
2.023186 2.673042
2.029469 2.678799
2.035752 2.684449
2.042035 2.689994
2.048318 2.695433
2.054602 2.700765
2.060885 2.705990
2.067168 2.711109
2.073451 2.716121
2.079734 2.721025
2.086018 2.725822
2.092301 2.730512
2.098584 2.735093
2.104867 2.739567
2.111150 2.743932
2.117433 2.748190
2.123717 2.752338
2.130000 2.756378
2.136283 2.760309
2.142566 2.764132
2.148849 2.767845
2.155133 2.771449
2.161416 2.774943
2.167699 2.778328
2.173982 2.781603
2.180265 2.784768
2.186548 2.787824
2.192832 2.790769
2.199115 2.793604
2.205398 2.796329
2.211681 2.798944
2.217964 2.801448
2.224248 2.803841
2.230531 2.806124
2.236814 2.808296
2.243097 2.810357
2.249380 2.812307
2.255664 2.814146
2.261947 2.815874
2.268230 2.817491
2.274513 2.818997
2.280796 2.820391
2.287079 2.821674
2.293363 2.822846
2.299646 2.823906
2.305929 2.824855
2.312212 2.825692
2.318495 2.826417
2.324779 2.827031
2.331062 2.827534
2.337345 2.827925
2.343628 2.828204
2.349911 2.828371
2.356194 2.828427
2.362478 2.828371
2.368761 2.828204
2.375044 2.827925
2.381327 2.827534
2.387610 2.827031
2.393894 2.826417
2.400177 2.825692
2.406460 2.824855
2.412743 2.823906
2.419026 2.822846
2.425310 2.821674
2.431593 2.820391
2.437876 2.818997
2.444159 2.817491
2.450442 2.815874
2.456725 2.814146
2.463009 2.812307
2.469292 2.810357
2.475575 2.808296
2.481858 2.806124
2.488141 2.803841
2.494425 2.801448
2.500708 2.798944
2.506991 2.796329
2.513274 2.793604
2.519557 2.790769
2.525840 2.787824
2.532124 2.784768
2.538407 2.781603
2.544690 2.778328
2.550973 2.774943
2.557256 2.771449
2.563540 2.767845
2.569823 2.764132
2.576106 2.760309
2.582389 2.756378
2.588672 2.752338
2.594956 2.748190
2.601239 2.743932
2.607522 2.739567
2.613805 2.735093
2.620088 2.730512
2.626371 2.725822
2.632655 2.721025
2.638938 2.716121
2.645221 2.711109
2.651504 2.705990
2.657787 2.700765
2.664071 2.695433
2.670354 2.689994
2.676637 2.684449
2.682920 2.678799
2.689203 2.673042
2.695486 2.667180
2.701770 2.661213
2.708053 2.655140
2.714336 2.648963
2.720619 2.642681
2.726902 2.636295
2.733186 2.629805
2.739469 2.623211
2.745752 2.616513
2.752035 2.609713
2.758318 2.602809
2.764602 2.595802
2.770885 2.588693
2.777168 2.581482
2.783451 2.574168
2.789734 2.566754
2.796017 2.559237
2.802301 2.551620
2.808584 2.543902
2.814867 2.536084
2.821150 2.528165
2.827433 2.520147
2.833717 2.512029
2.840000 2.503812
2.846283 2.495496
2.852566 2.487082
2.858849 2.478570
2.865132 2.469959
2.871416 2.461251
2.877699 2.452446
2.883982 2.443544
2.890265 2.434546
2.896548 2.425452
2.902832 2.416261
2.909115 2.406976
2.915398 2.397595
2.921681 2.388120
2.927964 2.378550
2.934248 2.368887
2.940531 2.359130
2.946814 2.349280
2.953097 2.339337
2.959380 2.329302
2.965663 2.319175
2.971947 2.308956
2.978230 2.298646
2.984513 2.288246
2.990796 2.277755
2.997079 2.267174
3.003363 2.256503
3.009646 2.245744
3.015929 2.234896
3.022212 2.223960
3.028495 2.212935
3.034778 2.201824
3.041062 2.190625
3.047345 2.179341
3.053628 2.167970
3.059911 2.156513
3.066194 2.144971
3.072478 2.133345
3.078761 2.121635
3.085044 2.109840
3.091327 2.097963
3.097610 2.086002
3.103894 2.073959
3.110177 2.061835
3.116460 2.049629
3.122743 2.037342
3.129026 2.024974
3.135309 2.012527
3.141593 2.000000
3.147876 1.987394
3.154159 1.974710
3.160442 1.961948
3.166725 1.949108
3.173009 1.936192
3.179292 1.923199
3.185575 1.910130
3.191858 1.896985
3.198141 1.883766
3.204425 1.870472
3.210708 1.857105
3.216991 1.843664
3.223274 1.830151
3.229557 1.816565
3.235840 1.802907
3.242124 1.789179
3.248407 1.775379
3.254690 1.761510
3.260973 1.747571
3.267256 1.733563
3.273540 1.719487
3.279823 1.705342
3.286106 1.691131
3.292389 1.676852
3.298672 1.662508
3.304955 1.648098
3.311239 1.633622
3.317522 1.619083
3.323805 1.604479
3.330088 1.589812
3.336371 1.575082
3.342655 1.560290
3.348938 1.545437
3.355221 1.530522
3.361504 1.515547
3.367787 1.500512
3.374071 1.485418
3.380354 1.470265
3.386637 1.455055
3.392920 1.439787
3.399203 1.424462
3.405486 1.409080
3.411770 1.393643
3.418053 1.378151
3.424336 1.362605
3.430619 1.347005
3.436902 1.331352
3.443186 1.315646
3.449469 1.299888
3.455752 1.284079
3.462035 1.268219
3.468318 1.252309
3.474601 1.236350
3.480885 1.220342
3.487168 1.204286
3.493451 1.188182
3.499734 1.172031
3.506017 1.155834
3.512301 1.139591
3.518584 1.123304
3.524867 1.106972
3.531150 1.090596
3.537433 1.074178
3.543717 1.057716
3.550000 1.041213
3.556283 1.024669
3.562566 1.008085
3.568849 0.991461
3.575132 0.974797
3.581416 0.958096
3.587699 0.941356
3.593982 0.924579
3.600265 0.907766
3.606548 0.890916
3.612832 0.874032
3.619115 0.857113
3.625398 0.840160
3.631681 0.823175
3.637964 0.806156
3.644247 0.789106
3.650531 0.772025
3.656814 0.754913
3.663097 0.737771
3.669380 0.720600
3.675663 0.703401
3.681947 0.686174
3.688230 0.668920
3.694513 0.651640
3.700796 0.634334
3.707079 0.617002
3.713363 0.599647
3.719646 0.582267
3.725929 0.564865
3.732212 0.547441
3.738495 0.529994
3.744778 0.512527
3.751062 0.495040
3.757345 0.477533
3.763628 0.460007
3.769911 0.442463
3.776194 0.424902
3.782478 0.407324
3.788761 0.389730
3.795044 0.372120
3.801327 0.354496
3.807610 0.336858
3.813893 0.319206
3.820177 0.301542
3.826460 0.283866
3.832743 0.266179
3.839026 0.248481
3.845309 0.230773
3.851593 0.213056
3.857876 0.195331
3.864159 0.177598
3.870442 0.159859
3.876725 0.142112
3.883009 0.124361
3.889292 0.106604
3.895575 0.088843
3.901858 0.071079
3.908141 0.053311
3.914424 0.035542
3.920708 0.017771
3.926991 0.000000
3.933274 -0.017771
3.939557 -0.035542
3.945840 -0.053311
3.952124 -0.071079
3.958407 -0.088843
3.964690 -0.106604
3.970973 -0.124361
3.977256 -0.142112
3.983539 -0.159859
3.989823 -0.177598
3.996106 -0.195331
4.002389 -0.213056
4.008672 -0.230773
4.014955 -0.248481
4.021239 -0.266178
4.027522 -0.283866
4.033805 -0.301542
4.040088 -0.319206
4.046371 -0.336858
4.052655 -0.354496
4.058938 -0.372120
4.065221 -0.389730
4.071504 -0.407324
4.077787 -0.424902
4.084070 -0.442463
4.090354 -0.460007
4.096637 -0.477533
4.102920 -0.495040
4.109203 -0.512527
4.115486 -0.529994
4.121770 -0.547441
4.128053 -0.564865
4.134336 -0.582267
4.140619 -0.599647
4.146902 -0.617002
4.153185 -0.634333
4.159469 -0.651640
4.165752 -0.668920
4.172035 -0.686174
4.178318 -0.703401
4.184601 -0.720600
4.190885 -0.737771
4.197168 -0.754913
4.203451 -0.772025
4.209734 -0.789106
4.216017 -0.806156
4.222301 -0.823175
4.228584 -0.840160
4.234867 -0.857113
4.241150 -0.874032
4.247433 -0.890916
4.253716 -0.907766
4.260000 -0.924579
4.266283 -0.941356
4.272566 -0.958096
4.278849 -0.974797
4.285132 -0.991461
4.291416 -1.008085
4.297699 -1.024669
4.303982 -1.041213
4.310265 -1.057716
4.316548 -1.074177
4.322831 -1.090596
4.329115 -1.106972
4.335398 -1.123304
4.341681 -1.139591
4.347964 -1.155834
4.354247 -1.172031
4.360531 -1.188182
4.366814 -1.204286
4.373097 -1.220342
4.379380 -1.236350
4.385663 -1.252309
4.391947 -1.268219
4.398230 -1.284079
4.404513 -1.299888
4.410796 -1.315646
4.417079 -1.331352
4.423362 -1.347005
4.429646 -1.362605
4.435929 -1.378151
4.442212 -1.393643
4.448495 -1.409080
4.454778 -1.424462
4.461062 -1.439787
4.467345 -1.455055
4.473628 -1.470265
4.479911 -1.485418
4.486194 -1.500512
4.492477 -1.515547
4.498761 -1.530522
4.505044 -1.545437
4.511327 -1.560290
4.517610 -1.575082
4.523893 -1.589812
4.530177 -1.604479
4.536460 -1.619083
4.542743 -1.633622
4.549026 -1.648098
4.555309 -1.662508
4.561593 -1.676852
4.567876 -1.691131
4.574159 -1.705342
4.580442 -1.719487
4.586725 -1.733563
4.593008 -1.747571
4.599292 -1.761510
4.605575 -1.775379
4.611858 -1.789179
4.618141 -1.802907
4.624424 -1.816565
4.630708 -1.830151
4.636991 -1.843664
4.643274 -1.857105
4.649557 -1.870472
4.655840 -1.883766
4.662123 -1.896985
4.668407 -1.910130
4.674690 -1.923199
4.680973 -1.936192
4.687256 -1.949108
4.693539 -1.961948
4.699823 -1.974710
4.706106 -1.987394
4.712389 -2.000000
4.718672 -2.012527
4.724955 -2.024974
4.731239 -2.037342
4.737522 -2.049629
4.743805 -2.061835
4.750088 -2.073959
4.756371 -2.086002
4.762654 -2.097963
4.768938 -2.109840
4.775221 -2.121634
4.781504 -2.133345
4.787787 -2.144971
4.794070 -2.156513
4.800354 -2.167970
4.806637 -2.179341
4.812920 -2.190625
4.819203 -2.201824
4.825486 -2.212935
4.831769 -2.223960
4.838053 -2.234896
4.844336 -2.245744
4.850619 -2.256503
4.856902 -2.267174
4.863185 -2.277755
4.869469 -2.288246
4.875752 -2.298646
4.882035 -2.308956
4.888318 -2.319175
4.894601 -2.329302
4.900885 -2.339337
4.907168 -2.349280
4.913451 -2.359130
4.919734 -2.368887
4.926017 -2.378550
4.932300 -2.388120
4.938584 -2.397595
4.944867 -2.406976
4.951150 -2.416261
4.957433 -2.425452
4.963716 -2.434546
4.970000 -2.443544
4.976283 -2.452446
4.982566 -2.461251
4.988849 -2.469959
4.995132 -2.478570
5.001415 -2.487082
5.007699 -2.495496
5.013982 -2.503812
5.020265 -2.512029
5.026548 -2.520147
5.032831 -2.528165
5.039115 -2.536084
5.045398 -2.543902
5.051681 -2.551620
5.057964 -2.559237
5.064247 -2.566754
5.070531 -2.574168
5.076814 -2.581482
5.083097 -2.588693
5.089380 -2.595802
5.095663 -2.602809
5.101946 -2.609713
5.108230 -2.616513
5.114513 -2.623211
5.120796 -2.629805
5.127079 -2.636295
5.133362 -2.642681
5.139646 -2.648963
5.145929 -2.655140
5.152212 -2.661213
5.158495 -2.667180
5.164778 -2.673042
5.171062 -2.678799
5.177345 -2.684449
5.183628 -2.689994
5.189911 -2.695433
5.196194 -2.700765
5.202477 -2.705990
5.208761 -2.711109
5.215044 -2.716121
5.221327 -2.721025
5.227610 -2.725822
5.233893 -2.730512
5.240177 -2.735093
5.246460 -2.739567
5.252743 -2.743932
5.259026 -2.748190
5.265309 -2.752338
5.271592 -2.756378
5.277876 -2.760309
5.284159 -2.764132
5.290442 -2.767845
5.296725 -2.771449
5.303008 -2.774943
5.309292 -2.778328
5.315575 -2.781603
5.321858 -2.784768
5.328141 -2.787824
5.334424 -2.790769
5.340708 -2.793604
5.346991 -2.796329
5.353274 -2.798944
5.359557 -2.801448
5.365840 -2.803841
5.372123 -2.806124
5.378407 -2.808296
5.384690 -2.810357
5.390973 -2.812307
5.397256 -2.814146
5.403539 -2.815874
5.409823 -2.817491
5.416106 -2.818997
5.422389 -2.820391
5.428672 -2.821674
5.434955 -2.822846
5.441238 -2.823906
5.447522 -2.824855
5.453805 -2.825692
5.460088 -2.826417
5.466371 -2.827031
5.472654 -2.827534
5.478938 -2.827925
5.485221 -2.828204
5.491504 -2.828371
5.497787 -2.828427
5.504070 -2.828371
5.510354 -2.828204
5.516637 -2.827925
5.522920 -2.827534
5.529203 -2.827031
5.535486 -2.826417
5.541769 -2.825692
5.548053 -2.824855
5.554336 -2.823906
5.560619 -2.822846
5.566902 -2.821674
5.573185 -2.820391
5.579469 -2.818997
5.585752 -2.817491
5.592035 -2.815874
5.598318 -2.814146
5.604601 -2.812307
5.610884 -2.810357
5.617168 -2.808296
5.623451 -2.806124
5.629734 -2.803841
5.636017 -2.801448
5.642300 -2.798944
5.648584 -2.796329
5.654867 -2.793604
5.661150 -2.790769
5.667433 -2.787824
5.673716 -2.784768
5.680000 -2.781603
5.686283 -2.778328
5.692566 -2.774943
5.698849 -2.771449
5.705132 -2.767845
5.711415 -2.764132
5.717699 -2.760309
5.723982 -2.756378
5.730265 -2.752338
5.736548 -2.748190
5.742831 -2.743932
5.749115 -2.739567
5.755398 -2.735093
5.761681 -2.730512
5.767964 -2.725822
5.774247 -2.721025
5.780530 -2.716121
5.786814 -2.711109
5.793097 -2.705990
5.799380 -2.700765
5.805663 -2.695433
5.811946 -2.689994
5.818230 -2.684449
5.824513 -2.678799
5.830796 -2.673042
5.837079 -2.667180
5.843362 -2.661213
5.849646 -2.655140
5.855929 -2.648963
5.862212 -2.642681
5.868495 -2.636295
5.874778 -2.629805
5.881061 -2.623211
5.887345 -2.616513
5.893628 -2.609713
5.899911 -2.602809
5.906194 -2.595802
5.912477 -2.588693
5.918761 -2.581482
5.925044 -2.574168
5.931327 -2.566754
5.937610 -2.559237
5.943893 -2.551620
5.950176 -2.543902
5.956460 -2.536084
5.962743 -2.528165
5.969026 -2.520147
5.975309 -2.512029
5.981592 -2.503812
5.987876 -2.495496
5.994159 -2.487082
6.000442 -2.478570
6.006725 -2.469959
6.013008 -2.461251
6.019292 -2.452446
6.025575 -2.443544
6.031858 -2.434546
6.038141 -2.425452
6.044424 -2.416261
6.050707 -2.406976
6.056991 -2.397595
6.063274 -2.388120
6.069557 -2.378550
6.075840 -2.368887
6.082123 -2.359130
6.088407 -2.349280
6.094690 -2.339337
6.100973 -2.329302
6.107256 -2.319175
6.113539 -2.308956
6.119822 -2.298646
6.126106 -2.288246
6.132389 -2.277755
6.138672 -2.267174
6.144955 -2.256503
6.151238 -2.245744
6.157522 -2.234896
6.163805 -2.223960
6.170088 -2.212935
6.176371 -2.201824
6.182654 -2.190625
6.188938 -2.179341
6.195221 -2.167970
6.201504 -2.156513
6.207787 -2.144971
6.214070 -2.133345
6.220353 -2.121635
6.226637 -2.109840
6.232920 -2.097963
6.239203 -2.086002
6.245486 -2.073959
6.251769 -2.061835
6.258053 -2.049629
6.264336 -2.037342
6.270619 -2.024974
6.276902 -2.012527
