0.000000 4.600000
0.006283 4.599909
0.012566 4.599637
0.018850 4.599183
0.025133 4.598547
0.031416 4.597730
0.037699 4.596732
0.043982 4.595551
0.050265 4.594190
0.056549 4.592647
0.062832 4.590923
0.069115 4.589018
0.075398 4.586931
0.081681 4.584663
0.087965 4.582215
0.094248 4.579585
0.100531 4.576775
0.106814 4.573784
0.113097 4.570612
0.119381 4.567260
0.125664 4.563728
0.131947 4.560015
0.138230 4.556123
0.144513 4.552050
0.150796 4.547798
0.157080 4.543366
0.163363 4.538755
0.169646 4.533965
0.175929 4.528996
0.182212 4.523848
0.188496 4.518521
0.194779 4.513016
0.201062 4.507333
0.207345 4.501472
0.213628 4.495433
0.219911 4.489217
0.226195 4.482824
0.232478 4.476253
0.238761 4.469506
0.245044 4.462582
0.251327 4.455483
0.257611 4.448207
0.263894 4.440756
0.270177 4.433129
0.276460 4.425327
0.282743 4.417351
0.289027 4.409200
0.295310 4.400875
0.301593 4.392377
0.307876 4.383705
0.314159 4.374860
0.320442 4.365842
0.326726 4.356652
0.333009 4.347290
0.339292 4.337756
0.345575 4.328052
0.351858 4.318176
0.358142 4.308129
0.364425 4.297913
0.370708 4.287527
0.376991 4.276972
0.383274 4.266248
0.389557 4.255355
0.395841 4.244295
0.402124 4.233067
0.408407 4.221671
0.414690 4.210109
0.420973 4.198381
0.427257 4.186487
0.433540 4.174428
0.439823 4.162204
0.446106 4.149816
0.452389 4.137264
0.458673 4.124549
0.464956 4.111671
0.471239 4.098630
0.477522 4.085428
0.483805 4.072064
0.490088 4.058540
0.496372 4.044855
0.502655 4.031011
0.508938 4.017007
0.515221 4.002845
0.521504 3.988525
0.527788 3.974048
0.534071 3.959413
0.540354 3.944623
0.546637 3.929676
0.552920 3.914575
0.559203 3.899319
0.565487 3.883908
0.571770 3.868345
0.578053 3.852629
0.584336 3.836761
0.590619 3.820741
0.596903 3.804571
0.603186 3.788250
0.609469 3.771780
0.615752 3.755161
0.622035 3.738393
0.628319 3.721478
0.634602 3.704416
0.640885 3.687208
0.647168 3.669854
0.653451 3.652356
0.659734 3.634713
0.666018 3.616927
0.672301 3.598998
0.678584 3.580927
0.684867 3.562714
0.691150 3.544361
0.697434 3.525868
0.703717 3.507236
0.710000 3.488465
0.716283 3.469556
0.722566 3.450511
0.728849 3.431329
0.735133 3.412012
0.741416 3.392560
0.747699 3.372975
0.753982 3.353256
0.760265 3.333404
0.766549 3.313422
0.772832 3.293308
0.779115 3.273064
0.785398 3.252691
0.791681 3.232190
0.797965 3.211561
0.804248 3.190805
0.810531 3.169924
0.816814 3.148917
0.823097 3.127786
0.829380 3.106531
0.835664 3.085154
0.841947 3.063655
0.848230 3.042035
0.854513 3.020294
0.860796 2.998435
0.867080 2.976457
0.873363 2.954362
0.879646 2.932150
0.885929 2.909823
0.892212 2.887380
0.898495 2.864824
0.904779 2.842154
0.911062 2.819372
0.917345 2.796479
0.923628 2.773476
0.929911 2.750363
0.936195 2.727141
0.942478 2.703812
0.948761 2.680376
0.955044 2.656834
0.961327 2.633188
0.967611 2.609437
0.973894 2.585584
0.980177 2.561628
0.986460 2.537571
0.992743 2.513414
0.999026 2.489158
1.005310 2.464803
1.011593 2.440351
1.017876 2.415803
1.024159 2.391160
1.030442 2.366422
1.036726 2.341591
1.043009 2.316667
1.049292 2.291651
1.055575 2.266546
1.061858 2.241351
1.068142 2.216067
1.074425 2.190696
1.080708 2.165238
1.086991 2.139695
1.093274 2.114067
1.099557 2.088356
1.105841 2.062563
1.112124 2.036688
1.118407 2.010733
1.124690 1.984698
1.130973 1.958585
1.137257 1.932394
1.143540 1.906128
1.149823 1.879786
1.156106 1.853370
1.162389 1.826880
1.168672 1.800319
1.174956 1.773686
1.181239 1.746984
1.187522 1.720212
1.193805 1.693373
1.200088 1.666467
1.206372 1.639495
1.212655 1.612458
1.218938 1.585357
1.225221 1.558194
1.231504 1.530970
1.237788 1.503685
1.244071 1.476341
1.250354 1.448938
1.256637 1.421478
1.262920 1.393962
1.269203 1.366391
1.275487 1.338766
1.281770 1.311089
1.288053 1.283359
1.294336 1.255579
1.300619 1.227749
1.306903 1.199871
1.313186 1.171945
1.319469 1.143973
1.325752 1.115956
1.332035 1.087895
1.338318 1.059791
1.344602 1.031646
1.350885 1.003459
1.357168 0.975233
1.363451 0.946968
1.369734 0.918666
1.376018 0.890328
1.382301 0.861954
1.388584 0.833547
1.394867 0.805106
1.401150 0.776634
1.407434 0.748131
1.413717 0.719599
1.420000 0.691038
1.426283 0.662450
1.432566 0.633835
1.438849 0.605196
1.445133 0.576533
1.451416 0.547847
1.457699 0.519139
1.463982 0.490411
1.470265 0.461664
1.476549 0.432898
1.482832 0.404116
1.489115 0.375317
1.495398 0.346503
1.501681 0.317676
1.507964 0.288836
1.514248 0.259985
1.520531 0.231124
1.526814 0.202253
1.533097 0.173375
1.539380 0.144490
1.545664 0.115598
1.551947 0.086703
1.558230 0.057804
1.564513 0.028902
1.570796 0.000000
1.577080 -0.028902
1.583363 -0.057804
1.589646 -0.086703
1.595929 -0.115598
1.602212 -0.144489
1.608495 -0.173375
1.614779 -0.202253
1.621062 -0.231124
1.627345 -0.259985
1.633628 -0.288836
1.639911 -0.317676
1.646195 -0.346503
1.652478 -0.375317
1.658761 -0.404115
1.665044 -0.432898
1.671327 -0.461664
1.677610 -0.490411
1.683894 -0.519139
1.690177 -0.547847
1.696460 -0.576533
1.702743 -0.605196
1.709026 -0.633835
1.715310 -0.662450
1.721593 -0.691038
1.727876 -0.719599
1.734159 -0.748131
1.740442 -0.776634
1.746726 -0.805106
1.753009 -0.833546
1.759292 -0.861954
1.765575 -0.890328
1.771858 -0.918666
1.778141 -0.946968
1.784425 -0.975233
1.790708 -1.003459
1.796991 -1.031645
1.803274 -1.059791
1.809557 -1.087895
1.815841 -1.115956
1.822124 -1.143973
1.828407 -1.171945
1.834690 -1.199871
1.840973 -1.227749
1.847256 -1.255579
1.853540 -1.283359
1.859823 -1.311089
1.866106 -1.338766
1.872389 -1.366391
1.878672 -1.393962
1.884956 -1.421478
1.891239 -1.448938
1.897522 -1.476341
1.903805 -1.503685
1.910088 -1.530970
1.916372 -1.558194
1.922655 -1.585357
1.928938 -1.612458
1.935221 -1.639495
1.941504 -1.666467
1.947787 -1.693373
1.954071 -1.720212
1.960354 -1.746984
1.966637 -1.773686
1.972920 -1.800319
1.979203 -1.826880
1.985487 -1.853370
1.991770 -1.879786
1.998053 -1.906128
2.004336 -1.932394
2.010619 -1.958585
2.016902 -1.984698
2.023186 -2.010733
2.029469 -2.036688
2.035752 -2.062563
2.042035 -2.088356
2.048318 -2.114067
2.054602 -2.139695
2.060885 -2.165238
2.067168 -2.190696
2.073451 -2.216067
2.079734 -2.241351
2.086018 -2.266546
2.092301 -2.291651
2.098584 -2.316667
2.104867 -2.341590
2.111150 -2.366422
2.117433 -2.391160
2.123717 -2.415803
2.130000 -2.440351
2.136283 -2.464803
2.142566 -2.489158
2.148849 -2.513414
2.155133 -2.537571
2.161416 -2.561628
2.167699 -2.585584
2.173982 -2.609437
2.180265 -2.633188
2.186548 -2.656834
2.192832 -2.680376
2.199115 -2.703812
2.205398 -2.727141
2.211681 -2.750363
2.217964 -2.773476
2.224248 -2.796479
2.230531 -2.819372
2.236814 -2.842154
2.243097 -2.864824
2.249380 -2.887380
2.255664 -2.909823
2.261947 -2.932150
2.268230 -2.954362
2.274513 -2.976457
2.280796 -2.998435
2.287079 -3.020294
2.293363 -3.042035
2.299646 -3.063655
2.305929 -3.085154
2.312212 -3.106531
2.318495 -3.127786
2.324779 -3.148917
2.331062 -3.169924
2.337345 -3.190805
2.343628 -3.211561
2.349911 -3.232190
2.356194 -3.252691
2.362478 -3.273064
2.368761 -3.293308
2.375044 -3.313422
2.381327 -3.333404
2.387610 -3.353256
2.393894 -3.372975
2.400177 -3.392560
2.406460 -3.412012
2.412743 -3.431329
2.419026 -3.450511
2.425310 -3.469556
2.431593 -3.488465
2.437876 -3.507236
2.444159 -3.525868
2.450442 -3.544361
2.456725 -3.562714
2.463009 -3.580927
2.469292 -3.598998
2.475575 -3.616927
2.481858 -3.634713
2.488141 -3.652356
2.494425 -3.669854
2.500708 -3.687208
2.506991 -3.704416
2.513274 -3.721478
2.519557 -3.738393
2.525840 -3.755161
2.532124 -3.771780
2.538407 -3.788250
2.544690 -3.804571
2.550973 -3.820741
2.557256 -3.836761
2.563540 -3.852629
2.569823 -3.868345
2.576106 -3.883908
2.582389 -3.899318
2.588672 -3.914575
2.594956 -3.929676
2.601239 -3.944623
2.607522 -3.959413
2.613805 -3.974048
2.620088 -3.988525
2.626371 -4.002845
2.632655 -4.017007
2.638938 -4.031011
2.645221 -4.044855
2.651504 -4.058540
2.657787 -4.072064
2.664071 -4.085428
2.670354 -4.098630
2.676637 -4.111671
2.682920 -4.124549
2.689203 -4.137264
2.695486 -4.149816
2.701770 -4.162204
2.708053 -4.174428
2.714336 -4.186487
2.720619 -4.198381
2.726902 -4.210109
2.733186 -4.221671
2.739469 -4.233066
2.745752 -4.244295
2.752035 -4.255355
2.758318 -4.266248
2.764602 -4.276972
2.770885 -4.287527
2.777168 -4.297913
2.783451 -4.308129
2.789734 -4.318176
2.796017 -4.328052
2.802301 -4.337756
2.808584 -4.347290
2.814867 -4.356652
2.821150 -4.365842
2.827433 -4.374860
2.833717 -4.383705
2.840000 -4.392377
2.846283 -4.400875
2.852566 -4.409200
2.858849 -4.417351
2.865132 -4.425327
2.871416 -4.433129
2.877699 -4.440756
2.883982 -4.448207
2.890265 -4.455483
2.896548 -4.462582
2.902832 -4.469506
2.909115 -4.476253
2.915398 -4.482824
2.921681 -4.489217
2.927964 -4.495433
2.934248 -4.501472
2.940531 -4.507333
2.946814 -4.513016
2.953097 -4.518521
2.959380 -4.523848
2.965663 -4.528996
2.971947 -4.533965
2.978230 -4.538755
2.984513 -4.543366
2.990796 -4.547798
2.997079 -4.552050
3.003363 -4.556123
3.009646 -4.560015
3.015929 -4.563728
3.022212 -4.567260
3.028495 -4.570612
3.034778 -4.573784
3.041062 -4.576775
3.047345 -4.579585
3.053628 -4.582215
3.059911 -4.584663
3.066194 -4.586931
3.072478 -4.589018
3.078761 -4.590923
3.085044 -4.592647
3.091327 -4.594190
3.097610 -4.595551
3.103894 -4.596732
3.110177 -4.597730
3.116460 -4.598547
3.122743 -4.599183
3.129026 -4.599637
3.135309 -4.599909
3.141593 -4.600000
3.147876 -4.599909
3.154159 -4.599637
3.160442 -4.599183
3.166725 -4.598547
3.173009 -4.597730
3.179292 -4.596732
3.185575 -4.595552
3.191858 -4.594190
3.198141 -4.592647
3.204425 -4.590923
3.210708 -4.589018
3.216991 -4.586931
3.223274 -4.584663
3.229557 -4.582215
3.235840 -4.579585
3.242124 -4.576775
3.248407 -4.573784
3.254690 -4.570612
3.260973 -4.567260
3.267256 -4.563728
3.273540 -4.560015
3.279823 -4.556123
3.286106 -4.552050
3.292389 -4.547798
3.298672 -4.543366
3.304955 -4.538755
3.311239 -4.533965
3.317522 -4.528996
3.323805 -4.523848
3.330088 -4.518521
3.336371 -4.513016
3.342655 -4.507333
3.348938 -4.501472
3.355221 -4.495433
3.361504 -4.489217
3.367787 -4.482824
3.374071 -4.476253
3.380354 -4.469506
3.386637 -4.462582
3.392920 -4.455483
3.399203 -4.448207
3.405486 -4.440756
3.411770 -4.433129
3.418053 -4.425327
3.424336 -4.417351
3.430619 -4.409200
3.436902 -4.400875
3.443186 -4.392377
3.449469 -4.383705
3.455752 -4.374860
3.462035 -4.365842
3.468318 -4.356652
3.474601 -4.347290
3.480885 -4.337756
3.487168 -4.328052
3.493451 -4.318176
3.499734 -4.308129
3.506017 -4.297913
3.512301 -4.287527
3.518584 -4.276972
3.524867 -4.266248
3.531150 -4.255355
3.537433 -4.244295
3.543717 -4.233067
3.550000 -4.221671
3.556283 -4.210109
3.562566 -4.198381
3.568849 -4.186487
3.575132 -4.174428
3.581416 -4.162204
3.587699 -4.149816
3.593982 -4.137264
3.600265 -4.124549
3.606548 -4.111671
3.612832 -4.098630
3.619115 -4.085428
3.625398 -4.072064
3.631681 -4.058540
3.637964 -4.044855
3.644247 -4.031011
3.650531 -4.017007
3.656814 -4.002845
3.663097 -3.988525
3.669380 -3.974048
3.675663 -3.959413
3.681947 -3.944623
3.688230 -3.929676
3.694513 -3.914575
3.700796 -3.899319
3.707079 -3.883908
3.713363 -3.868345
3.719646 -3.852629
3.725929 -3.836761
3.732212 -3.820741
3.738495 -3.804571
3.744778 -3.788250
3.751062 -3.771780
3.757345 -3.755161
3.763628 -3.738393
3.769911 -3.721478
3.776194 -3.704416
3.782478 -3.687208
3.788761 -3.669854
3.795044 -3.652356
3.801327 -3.634713
3.807610 -3.616927
3.813893 -3.598998
3.820177 -3.580927
3.826460 -3.562714
3.832743 -3.544361
3.839026 -3.525868
3.845309 -3.507236
3.851593 -3.488465
3.857876 -3.469556
3.864159 -3.450511
3.870442 -3.431329
3.876725 -3.412012
3.883009 -3.392560
3.889292 -3.372975
3.895575 -3.353256
3.901858 -3.333404
3.908141 -3.313422
3.914424 -3.293308
3.920708 -3.273064
3.926991 -3.252691
3.933274 -3.232190
3.939557 -3.211561
3.945840 -3.190805
3.952124 -3.169924
3.958407 -3.148917
3.964690 -3.127786
3.970973 -3.106531
3.977256 -3.085154
3.983539 -3.063655
3.989823 -3.042035
3.996106 -3.020294
4.002389 -2.998435
4.008672 -2.976457
4.014955 -2.954362
4.021239 -2.932150
4.027522 -2.909823
4.033805 -2.887380
4.040088 -2.864824
4.046371 -2.842154
4.052655 -2.819372
4.058938 -2.796479
4.065221 -2.773476
4.071504 -2.750363
4.077787 -2.727141
4.084070 -2.703812
4.090354 -2.680376
4.096637 -2.656834
4.102920 -2.633188
4.109203 -2.609437
4.115486 -2.585584
4.121770 -2.561628
4.128053 -2.537571
4.134336 -2.513414
4.140619 -2.489158
4.146902 -2.464803
4.153185 -2.440351
4.159469 -2.415803
4.165752 -2.391160
4.172035 -2.366422
4.178318 -2.341591
4.184601 -2.316667
4.190885 -2.291652
4.197168 -2.266546
4.203451 -2.241351
4.209734 -2.216067
4.216017 -2.190696
4.222301 -2.165238
4.228584 -2.139695
4.234867 -2.114067
4.241150 -2.088356
4.247433 -2.062563
4.253716 -2.036688
4.260000 -2.010733
4.266283 -1.984698
4.272566 -1.958585
4.278849 -1.932394
4.285132 -1.906128
4.291416 -1.879786
4.297699 -1.853370
4.303982 -1.826880
4.310265 -1.800319
4.316548 -1.773686
4.322831 -1.746984
4.329115 -1.720212
4.335398 -1.693373
4.341681 -1.666467
4.347964 -1.639495
4.354247 -1.612458
4.360531 -1.585357
4.366814 -1.558194
4.373097 -1.530970
4.379380 -1.503685
4.385663 -1.476341
4.391947 -1.448938
4.398230 -1.421478
4.404513 -1.393962
4.410796 -1.366391
4.417079 -1.338766
4.423362 -1.311089
4.429646 -1.283359
4.435929 -1.255579
4.442212 -1.227749
4.448495 -1.199871
4.454778 -1.171945
4.461062 -1.143974
4.467345 -1.115956
4.473628 -1.087895
4.479911 -1.059791
4.486194 -1.031646
4.492477 -1.003459
4.498761 -0.975233
4.505044 -0.946968
4.511327 -0.918666
4.517610 -0.890328
4.523893 -0.861954
4.530177 -0.833547
4.536460 -0.805106
4.542743 -0.776634
4.549026 -0.748131
4.555309 -0.719599
4.561593 -0.691038
4.567876 -0.662450
4.574159 -0.633835
4.580442 -0.605196
4.586725 -0.576533
4.593008 -0.547847
4.599292 -0.519139
4.605575 -0.490411
4.611858 -0.461664
4.618141 -0.432898
4.624424 -0.404116
4.630708 -0.375317
4.636991 -0.346503
4.643274 -0.317676
4.649557 -0.288836
4.655840 -0.259985
4.662123 -0.231124
4.668407 -0.202253
4.674690 -0.173375
4.680973 -0.144490
4.687256 -0.115598
4.693539 -0.086703
4.699823 -0.057804
4.706106 -0.028902
4.712389 -0.000000
4.718672 0.028902
4.724955 0.057804
4.731239 0.086703
4.737522 0.115598
4.743805 0.144489
4.750088 0.173375
4.756371 0.202253
4.762654 0.231124
4.768938 0.259985
4.775221 0.288836
4.781504 0.317676
4.787787 0.346503
4.794070 0.375317
4.800354 0.404115
4.806637 0.432898
4.812920 0.461664
4.819203 0.490411
4.825486 0.519139
4.831769 0.547847
4.838053 0.576533
4.844336 0.605196
4.850619 0.633835
4.856902 0.662450
4.863185 0.691038
4.869469 0.719599
4.875752 0.748131
4.882035 0.776634
4.888318 0.805106
4.894601 0.833546
4.900885 0.861954
4.907168 0.890328
4.913451 0.918666
4.919734 0.946968
4.926017 0.975233
4.932300 1.003459
4.938584 1.031645
4.944867 1.059791
4.951150 1.087895
4.957433 1.115956
4.963716 1.143973
4.970000 1.171945
4.976283 1.199871
4.982566 1.227749
4.988849 1.255579
4.995132 1.283359
5.001415 1.311089
5.007699 1.338766
5.013982 1.366391
5.020265 1.393962
5.026548 1.421478
5.032831 1.448938
5.039115 1.476341
5.045398 1.503685
5.051681 1.530970
5.057964 1.558194
5.064247 1.585357
5.070531 1.612458
5.076814 1.639495
5.083097 1.666467
5.089380 1.693373
5.095663 1.720212
5.101946 1.746984
5.108230 1.773686
5.114513 1.800319
5.120796 1.826880
5.127079 1.853370
5.133362 1.879786
5.139646 1.906128
5.145929 1.932394
5.152212 1.958585
5.158495 1.984698
5.164778 2.010732
5.171062 2.036688
5.177345 2.062563
5.183628 2.088356
5.189911 2.114067
5.196194 2.139695
5.202477 2.165238
5.208761 2.190696
5.215044 2.216067
5.221327 2.241351
5.227610 2.266546
5.233893 2.291651
5.240177 2.316667
5.246460 2.341590
5.252743 2.366422
5.259026 2.391160
5.265309 2.415803
5.271592 2.440351
5.277876 2.464803
5.284159 2.489158
5.290442 2.513414
5.296725 2.537571
5.303008 2.561628
5.309292 2.585584
5.315575 2.609437
5.321858 2.633188
5.328141 2.656834
5.334424 2.680376
5.340708 2.703812
5.346991 2.727141
5.353274 2.750363
5.359557 2.773476
5.365840 2.796479
5.372123 2.819372
5.378407 2.842154
5.384690 2.864824
5.390973 2.887380
5.397256 2.909823
5.403539 2.932150
5.409823 2.954362
5.416106 2.976457
5.422389 2.998435
5.428672 3.020294
5.434955 3.042035
5.441238 3.063655
5.447522 3.085154
5.453805 3.106531
5.460088 3.127786
5.466371 3.148917
5.472654 3.169923
5.478938 3.190805
5.485221 3.211561
5.491504 3.232190
5.497787 3.252691
5.504070 3.273064
5.510354 3.293308
5.516637 3.313421
5.522920 3.333404
5.529203 3.353256
5.535486 3.372975
5.541769 3.392560
5.548053 3.412012
5.554336 3.431329
5.560619 3.450511
5.566902 3.469556
5.573185 3.488465
5.579469 3.507236
5.585752 3.525868
5.592035 3.544361
5.598318 3.562714
5.604601 3.580927
5.610884 3.598998
5.617168 3.616927
5.623451 3.634713
5.629734 3.652356
5.636017 3.669854
5.642300 3.687208
5.648584 3.704416
5.654867 3.721478
5.661150 3.738393
5.667433 3.755161
5.673716 3.771780
5.680000 3.788250
5.686283 3.804571
5.692566 3.820741
5.698849 3.836761
5.705132 3.852629
5.711415 3.868345
5.717699 3.883908
5.723982 3.899318
5.730265 3.914575
5.736548 3.929676
5.742831 3.944623
5.749115 3.959413
5.755398 3.974048
5.761681 3.988525
5.767964 4.002845
5.774247 4.017007
5.780530 4.031011
5.786814 4.044855
5.793097 4.058540
5.799380 4.072064
5.805663 4.085428
5.811946 4.098630
5.818230 4.111671
5.824513 4.124549
5.830796 4.137264
5.837079 4.149816
5.843362 4.162204
5.849646 4.174428
5.855929 4.186487
5.862212 4.198381
5.868495 4.210109
5.874778 4.221671
5.881061 4.233066
5.887345 4.244295
5.893628 4.255355
5.899911 4.266248
5.906194 4.276972
5.912477 4.287527
5.918761 4.297913
5.925044 4.308129
5.931327 4.318176
5.937610 4.328052
5.943893 4.337756
5.950176 4.347290
5.956460 4.356652
5.962743 4.365842
5.969026 4.374860
5.975309 4.383705
5.981592 4.392377
5.987876 4.400875
5.994159 4.409200
6.000442 4.417351
6.006725 4.425327
6.013008 4.433129
6.019292 4.440756
6.025575 4.448207
6.031858 4.455483
6.038141 4.462582
6.044424 4.469506
6.050707 4.476253
6.056991 4.482824
6.063274 4.489217
6.069557 4.495433
6.075840 4.501472
6.082123 4.507333
6.088407 4.513016
6.094690 4.518521
6.100973 4.523848
6.107256 4.528996
6.113539 4.533965
6.119822 4.538755
6.126106 4.543366
6.132389 4.547798
6.138672 4.552050
6.144955 4.556123
6.151238 4.560015
6.157522 4.563728
6.163805 4.567260
6.170088 4.570612
6.176371 4.573784
6.182654 4.576775
6.188938 4.579585
6.195221 4.582215
6.201504 4.584663
6.207787 4.586931
6.214070 4.589018
6.220353 4.590923
6.226637 4.592647
6.232920 4.594190
6.239203 4.595551
6.245486 4.596732
6.251769 4.597730
6.258053 4.598547
6.264336 4.599183
6.270619 4.599637
6.276902 4.599909
