-nan 0.000000
0.361487 0.001902
0.424688 0.003804
0.440489 0.005706
0.446457 0.007608
0.449306 0.009510
0.450879 0.011411
0.451836 0.013313
0.452462 0.015215
0.452893 0.017117
0.453202 0.019019
0.453432 0.020921
0.453607 0.022823
0.453743 0.024725
0.453852 0.026627
0.453940 0.028529
0.454012 0.030430
0.454071 0.032332
0.454122 0.034234
0.454164 0.036136
0.454200 0.038038
0.454232 0.039940
0.454259 0.041842
0.454283 0.043744
0.454304 0.045646
0.454322 0.047548
0.454338 0.049449
0.454353 0.051351
0.454366 0.053253
0.454378 0.055155
0.454389 0.057057
0.454398 0.058959
0.454407 0.060861
0.454415 0.062763
0.454422 0.064665
0.454429 0.066567
0.454435 0.068468
0.454441 0.070370
0.454446 0.072272
0.454451 0.074174
0.454455 0.076076
0.454459 0.077978
0.454463 0.079880
0.454467 0.081782
0.454470 0.083684
0.454474 0.085586
0.454476 0.087487
0.454479 0.089389
0.454482 0.091291
0.454484 0.093193
0.454487 0.095095
0.454489 0.096997
0.454491 0.098899
0.454493 0.100801
0.454495 0.102703
0.454496 0.104605
0.454498 0.106507
0.454500 0.108408
0.454501 0.110310
0.454502 0.112212
0.454504 0.114114
0.454505 0.116016
0.454506 0.117918
0.454508 0.119820
0.454509 0.121722
0.454510 0.123624
0.454511 0.125526
0.454512 0.127427
0.454513 0.129329
0.454513 0.131231
0.454514 0.133133
0.454515 0.135035
0.454516 0.136937
0.454517 0.138839
0.454517 0.140741
0.454518 0.142643
0.454519 0.144545
0.454519 0.146446
0.454520 0.148348
0.454521 0.150250
0.454521 0.152152
0.454522 0.154054
0.454522 0.155956
0.454523 0.157858
0.454523 0.159760
0.454524 0.161662
0.454524 0.163564
0.454525 0.165465
0.454525 0.167367
0.454526 0.169269
0.454526 0.171171
0.454526 0.173073
0.454527 0.174975
0.454527 0.176877
0.454528 0.178779
0.454528 0.180681
0.454528 0.182583
0.454529 0.184484
0.454529 0.186386
0.454529 0.188288
0.454530 0.190190
0.454530 0.192092
0.454530 0.193994
0.454530 0.195896
0.454531 0.197798
0.454531 0.199700
0.454531 0.201602
0.454531 0.203504
0.454532 0.205405
0.454532 0.207307
0.454532 0.209209
0.454532 0.211111
0.454533 0.213013
0.454533 0.214915
0.454533 0.216817
0.454533 0.218719
0.454533 0.220621
0.454534 0.222523
0.454534 0.224424
0.454534 0.226326
0.454534 0.228228
0.454534 0.230130
0.454534 0.232032
0.454535 0.233934
0.454535 0.235836
0.454535 0.237738
0.454535 0.239640
0.454535 0.241542
0.454535 0.243443
0.454536 0.245345
0.454536 0.247247
0.454536 0.249149
0.454536 0.251051
0.454536 0.252953
0.454536 0.254855
0.454536 0.256757
0.454536 0.258659
0.454537 0.260561
0.454537 0.262462
0.454537 0.264364
0.454537 0.266266
0.454537 0.268168
0.454537 0.270070
0.454537 0.271972
0.454537 0.273874
0.454537 0.275776
0.454538 0.277678
0.454538 0.279580
0.454538 0.281481
0.454538 0.283383
0.454538 0.285285
0.454538 0.287187
0.454538 0.289089
0.454538 0.290991
0.454538 0.292893
0.454538 0.294795
0.454539 0.296697
0.454539 0.298599
0.454539 0.300501
0.454539 0.302402
0.454539 0.304304
0.454539 0.306206
0.454539 0.308108
0.454539 0.310010
0.454539 0.311912
0.454539 0.313814
0.454539 0.315716
0.454539 0.317618
0.454539 0.319520
0.454539 0.321421
0.454540 0.323323
0.454540 0.325225
0.454540 0.327127
0.454540 0.329029
0.454540 0.330931
0.454540 0.332833
0.454540 0.334735
0.454540 0.336637
0.454540 0.338539
0.454540 0.340440
0.454540 0.342342
0.454540 0.344244
0.454540 0.346146
0.454540 0.348048
0.454540 0.349950
0.454540 0.351852
0.454540 0.353754
0.454541 0.355656
0.454541 0.357558
0.454541 0.359459
0.454541 0.361361
0.454541 0.363263
0.454541 0.365165
0.454541 0.367067
0.454541 0.368969
0.454541 0.370871
0.454541 0.372773
0.454541 0.374675
0.454541 0.376577
0.454541 0.378478
0.454541 0.380380
0.454541 0.382282
0.454541 0.384184
0.454541 0.386086
0.454541 0.387988
0.454541 0.389890
0.454541 0.391792
0.454541 0.393694
0.454541 0.395596
0.454541 0.397497
0.454542 0.399399
0.454542 0.401301
0.454542 0.403203
0.454542 0.405105
0.454542 0.407007
0.454542 0.408909
0.454542 0.410811
0.454542 0.412713
0.454542 0.414615
0.454542 0.416517
0.454542 0.418418
0.454542 0.420320
0.454542 0.422222
0.454542 0.424124
0.454542 0.426026
0.454542 0.427928
0.454542 0.429830
0.454542 0.431732
0.454542 0.433634
0.454542 0.435536
0.454542 0.437437
0.454542 0.439339
0.454542 0.441241
0.454542 0.443143
0.454542 0.445045
0.454542 0.446947
0.454542 0.448849
0.454542 0.450751
0.454542 0.452653
0.454542 0.454555
0.454542 0.456456
0.454542 0.458358
0.454542 0.460260
0.454542 0.462162
0.454543 0.464064
0.454543 0.465966
0.454543 0.467868
0.454543 0.469770
0.454543 0.471672
0.454543 0.473574
0.454543 0.475475
0.454543 0.477377
0.454543 0.479279
0.454543 0.481181
0.454543 0.483083
0.454543 0.484985
0.454543 0.486887
0.454543 0.488789
0.454543 0.490691
0.454543 0.492593
0.454543 0.494494
0.454543 0.496396
0.454543 0.498298
0.454543 0.500200
0.454543 0.502102
0.454543 0.504004
0.454543 0.505906
0.454543 0.507808
0.454543 0.509710
0.454543 0.511612
0.454543 0.513514
0.454543 0.515415
0.454543 0.517317
0.454543 0.519219
0.454543 0.521121
0.454543 0.523023
0.454543 0.524925
0.454543 0.526827
0.454543 0.528729
0.454543 0.530631
0.454543 0.532533
0.454543 0.534434
0.454543 0.536336
0.454543 0.538238
0.454543 0.540140
0.454543 0.542042
0.454543 0.543944
0.454543 0.545846
0.454543 0.547748
0.454543 0.549650
0.454543 0.551552
0.454543 0.553453
0.454543 0.555355
0.454543 0.557257
0.454543 0.559159
0.454543 0.561061
0.454543 0.562963
0.454543 0.564865
0.454543 0.566767
0.454544 0.568669
0.454544 0.570571
0.454544 0.572472
0.454544 0.574374
0.454544 0.576276
0.454544 0.578178
0.454544 0.580080
0.454544 0.581982
0.454544 0.583884
0.454544 0.585786
0.454544 0.587688
0.454544 0.589590
0.454544 0.591491
0.454544 0.593393
0.454544 0.595295
0.454544 0.597197
0.454544 0.599099
0.454544 0.601001
0.454544 0.602903
0.454544 0.604805
0.454544 0.606707
0.454544 0.608609
0.454544 0.610511
0.454544 0.612412
0.454544 0.614314
0.454544 0.616216
0.454544 0.618118
0.454544 0.620020
0.454544 0.621922
0.454544 0.623824
0.454544 0.625726
0.454544 0.627628
0.454544 0.629530
0.454544 0.631431
0.454544 0.633333
0.454544 0.635235
0.454544 0.637137
0.454544 0.639039
0.454544 0.640941
0.454544 0.642843
0.454544 0.644745
0.454544 0.646647
0.454544 0.648549
0.454544 0.650450
0.454544 0.652352
0.454544 0.654254
0.454544 0.656156
0.454544 0.658058
0.454544 0.659960
0.454544 0.661862
0.454544 0.663764
0.454544 0.665666
0.454544 0.667568
0.454544 0.669469
0.454544 0.671371
0.454544 0.673273
0.454544 0.675175
0.454544 0.677077
0.454544 0.678979
0.454544 0.680881
0.454544 0.682783
0.454544 0.684685
0.454544 0.686587
0.454544 0.688488
0.454544 0.690390
0.454544 0.692292
0.454544 0.694194
0.454544 0.696096
0.454544 0.697998
0.454544 0.699900
0.454544 0.701802
0.454544 0.703704
0.454544 0.705606
0.454544 0.707508
0.454544 0.709409
0.454544 0.711311
0.454544 0.713213
0.454544 0.715115
0.454544 0.717017
0.454544 0.718919
0.454544 0.720821
0.454544 0.722723
0.454544 0.724625
0.454544 0.726527
0.454544 0.728428
0.454544 0.730330
0.454544 0.732232
0.454544 0.734134
0.454544 0.736036
0.454544 0.737938
0.454544 0.739840
0.454544 0.741742
0.454544 0.743644
0.454544 0.745546
0.454544 0.747447
0.454544 0.749349
0.454544 0.751251
0.454544 0.753153
0.454544 0.755055
0.454544 0.756957
0.454544 0.758859
0.454544 0.760761
0.454544 0.762663
0.454544 0.764565
0.454544 0.766466
0.454544 0.768368
0.454544 0.770270
0.454544 0.772172
0.454544 0.774074
0.454544 0.775976
0.454545 0.777878
0.454545 0.779780
0.454545 0.781682
0.454545 0.783584
0.454545 0.785485
0.454545 0.787387
0.454545 0.789289
0.454545 0.791191
0.454545 0.793093
0.454545 0.794995
0.454545 0.796897
0.454545 0.798799
0.454545 0.800701
0.454545 0.802603
0.454545 0.804505
0.454545 0.806406
0.454545 0.808308
0.454545 0.810210
0.454545 0.812112
0.454545 0.814014
0.454545 0.815916
0.454545 0.817818
0.454545 0.819720
0.454545 0.821622
0.454545 0.823524
0.454545 0.825425
0.454545 0.827327
0.454545 0.829229
0.454545 0.831131
0.454545 0.833033
0.454545 0.834935
0.454545 0.836837
0.454545 0.838739
0.454545 0.840641
0.454545 0.842543
0.454545 0.844444
0.454545 0.846346
0.454545 0.848248
0.454545 0.850150
0.454545 0.852052
0.454545 0.853954
0.454545 0.855856
0.454545 0.857758
0.454545 0.859660
0.454545 0.861562
0.454545 0.863463
0.454545 0.865365
0.454545 0.867267
0.454545 0.869169
0.454545 0.871071
0.454545 0.872973
0.454545 0.874875
0.454545 0.876777
0.454545 0.878679
0.454545 0.880581
0.454545 0.882482
0.454545 0.884384
0.454545 0.886286
0.454545 0.888188
0.454545 0.890090
0.454545 0.891992
0.454545 0.893894
0.454545 0.895796
0.454545 0.897698
0.454545 0.899600
0.454545 0.901502
0.454545 0.903403
0.454545 0.905305
0.454545 0.907207
0.454545 0.909109
0.454545 0.911011
0.454545 0.912913
0.454545 0.914815
0.454545 0.916717
0.454545 0.918619
0.454545 0.920521
0.454545 0.922422
0.454545 0.924324
0.454545 0.926226
0.454545 0.928128
0.454545 0.930030
0.454545 0.931932
0.454545 0.933834
0.454545 0.935736
0.454545 0.937638
0.454545 0.939540
0.454545 0.941441
0.454545 0.943343
0.454545 0.945245
0.454545 0.947147
0.454545 0.949049
0.454545 0.950951
0.454545 0.952853
0.454545 0.954755
0.454545 0.956657
0.454545 0.958559
0.454545 0.960460
0.454545 0.962362
0.454545 0.964264
0.454545 0.966166
0.454545 0.968068
0.454545 0.969970
0.454545 0.971872
0.454545 0.973774
0.454545 0.975676
0.454545 0.977578
0.454545 0.979479
0.454545 0.981381
0.454545 0.983283
0.454545 0.985185
0.454545 0.987087
0.454545 0.988989
0.454545 0.990891
0.454545 0.992793
0.454545 0.994695
0.454545 0.996597
0.454545 0.998498
0.454545 1.000400
0.454545 1.002302
0.454545 1.004204
0.454545 1.006106
0.454545 1.008008
0.454545 1.009910
0.454545 1.011812
0.454545 1.013714
0.454545 1.015616
0.454545 1.017518
0.454545 1.019419
0.454545 1.021321
0.454545 1.023223
0.454545 1.025125
0.454545 1.027027
0.454545 1.028929
0.454545 1.030831
0.454545 1.032733
0.454545 1.034635
0.454545 1.036537
0.454545 1.038438
0.454545 1.040340
0.454545 1.042242
0.454545 1.044144
0.454545 1.046046
0.454545 1.047948
0.454545 1.049850
0.454545 1.051752
0.454545 1.053654
0.454545 1.055556
0.454545 1.057457
0.454545 1.059359
0.454545 1.061261
0.454545 1.063163
0.454545 1.065065
0.454545 1.066967
0.454545 1.068869
0.454545 1.070771
0.454545 1.072673
0.454545 1.074575
0.454545 1.076476
0.454545 1.078378
0.454545 1.080280
0.454545 1.082182
0.454545 1.084084
0.454545 1.085986
0.454545 1.087888
0.454545 1.089790
0.454545 1.091692
0.454545 1.093594
0.454545 1.095495
0.454545 1.097397
0.454545 1.099299
0.454545 1.101201
0.454545 1.103103
0.454545 1.105005
0.454545 1.106907
0.454545 1.108809
0.454545 1.110711
0.454545 1.112613
0.454545 1.114515
0.454545 1.116416
0.454545 1.118318
0.454545 1.120220
0.454545 1.122122
0.454545 1.124024
0.454545 1.125926
0.454545 1.127828
0.454545 1.129730
0.454545 1.131632
0.454545 1.133534
0.454545 1.135435
0.454545 1.137337
0.454545 1.139239
0.454545 1.141141
0.454545 1.143043
0.454545 1.144945
0.454545 1.146847
0.454545 1.148749
0.454545 1.150651
0.454545 1.152553
0.454545 1.154454
0.454545 1.156356
0.454545 1.158258
0.454545 1.160160
0.454545 1.162062
0.454545 1.163964
0.454545 1.165866
0.454545 1.167768
0.454545 1.169670
0.454545 1.171572
0.454545 1.173473
0.454545 1.175375
0.454545 1.177277
0.454545 1.179179
0.454545 1.181081
0.454545 1.182983
0.454545 1.184885
0.454545 1.186787
0.454545 1.188689
0.454545 1.190591
0.454545 1.192492
0.454545 1.194394
0.454545 1.196296
0.454545 1.198198
0.454545 1.200100
0.454545 1.202002
0.454545 1.203904
0.454545 1.205806
0.454545 1.207708
0.454545 1.209610
0.454545 1.211512
0.454545 1.213413
0.454545 1.215315
0.454545 1.217217
0.454545 1.219119
0.454545 1.221021
0.454545 1.222923
0.454545 1.224825
0.454545 1.226727
0.454545 1.228629
0.454545 1.230531
0.454545 1.232432
0.454545 1.234334
0.454545 1.236236
0.454545 1.238138
0.454545 1.240040
0.454545 1.241942
0.454545 1.243844
0.454545 1.245746
0.454545 1.247648
0.454545 1.249550
0.454545 1.251451
0.454545 1.253353
0.454545 1.255255
0.454545 1.257157
0.454545 1.259059
0.454545 1.260961
0.454545 1.262863
0.454545 1.264765
0.454545 1.266667
0.454545 1.268569
0.454545 1.270470
0.454545 1.272372
0.454545 1.274274
0.454545 1.276176
0.454545 1.278078
0.454545 1.279980
0.454545 1.281882
0.454545 1.283784
0.454545 1.285686
0.454545 1.287588
0.454545 1.289489
0.454545 1.291391
0.454545 1.293293
0.454545 1.295195
0.454545 1.297097
0.454545 1.298999
0.454545 1.300901
0.454545 1.302803
0.454545 1.304705
0.454545 1.306607
0.454545 1.308509
0.454545 1.310410
0.454545 1.312312
0.454545 1.314214
0.454545 1.316116
0.454545 1.318018
0.454545 1.319920
0.454545 1.321822
0.454545 1.323724
0.454545 1.325626
0.454545 1.327528
0.454545 1.329429
0.454545 1.331331
0.454545 1.333233
0.454545 1.335135
0.454545 1.337037
0.454545 1.338939
0.454545 1.340841
0.454545 1.342743
0.454545 1.344645
0.454545 1.346547
0.454545 1.348448
0.454545 1.350350
0.454545 1.352252
0.454545 1.354154
0.454545 1.356056
0.454545 1.357958
0.454545 1.359860
0.454545 1.361762
0.454545 1.363664
0.454545 1.365566
0.454545 1.367467
0.454545 1.369369
0.454545 1.371271
0.454545 1.373173
0.454545 1.375075
0.454545 1.376977
0.454545 1.378879
0.454545 1.380781
0.454545 1.382683
0.454545 1.384585
0.454545 1.386486
0.454545 1.388388
0.454545 1.390290
0.454545 1.392192
0.454545 1.394094
0.454545 1.395996
0.454545 1.397898
0.454545 1.399800
0.454545 1.401702
0.454545 1.403604
0.454545 1.405506
0.454545 1.407407
0.454545 1.409309
0.454545 1.411211
0.454545 1.413113
0.454545 1.415015
0.454545 1.416917
0.454545 1.418819
0.454545 1.420721
0.454545 1.422623
0.454545 1.424525
0.454545 1.426426
0.454545 1.428328
0.454545 1.430230
0.454545 1.432132
0.454545 1.434034
0.454545 1.435936
0.454545 1.437838
0.454545 1.439740
0.454545 1.441642
0.454545 1.443544
0.454545 1.445445
0.454545 1.447347
0.454545 1.449249
0.454545 1.451151
0.454545 1.453053
0.454545 1.454955
0.454545 1.456857
0.454545 1.458759
0.454545 1.460661
0.454545 1.462563
0.454545 1.464464
0.454545 1.466366
0.454545 1.468268
0.454545 1.470170
0.454545 1.472072
0.454545 1.473974
0.454545 1.475876
0.454545 1.477778
0.454545 1.479680
0.454545 1.481582
0.454545 1.483483
0.454545 1.485385
0.454545 1.487287
0.454545 1.489189
0.454545 1.491091
0.454545 1.492993
0.454545 1.494895
0.454545 1.496797
0.454545 1.498699
0.454545 1.500601
0.454545 1.502503
0.454545 1.504404
0.454545 1.506306
0.454545 1.508208
0.454545 1.510110
0.454545 1.512012
0.454545 1.513914
0.454545 1.515816
0.454545 1.517718
0.454545 1.519620
0.454545 1.521522
0.454546 1.523423
0.454546 1.525325
0.454546 1.527227
0.454546 1.529129
0.454546 1.531031
0.454546 1.532933
0.454546 1.534835
0.454546 1.536737
0.454546 1.538639
0.454546 1.540541
0.454546 1.542442
0.454546 1.544344
0.454546 1.546246
0.454546 1.548148
0.454546 1.550050
0.454546 1.551952
0.454546 1.553854
0.454546 1.555756
0.454546 1.557658
0.454546 1.559560
0.454546 1.561461
0.454546 1.563363
0.454546 1.565265
0.454546 1.567167
0.454546 1.569069
0.454546 1.570971
0.454546 1.572873
0.454546 1.574775
0.454546 1.576677
0.454546 1.578579
0.454546 1.580480
0.454546 1.582382
0.454546 1.584284
0.454546 1.586186
0.454546 1.588088
0.454546 1.589990
0.454546 1.591892
0.454546 1.593794
0.454546 1.595696
0.454546 1.597598
0.454546 1.599499
0.454546 1.601401
0.454546 1.603303
0.454546 1.605205
0.454546 1.607107
0.454546 1.609009
0.454546 1.610911
0.454546 1.612813
0.454546 1.614715
0.454546 1.616617
0.454546 1.618519
0.454546 1.620420
0.454546 1.622322
0.454546 1.624224
0.454546 1.626126
0.454546 1.628028
0.454546 1.629930
0.454546 1.631832
0.454546 1.633734
0.454546 1.635636
0.454546 1.637538
0.454546 1.639439
0.454546 1.641341
0.454546 1.643243
0.454546 1.645145
0.454546 1.647047
0.454546 1.648949
0.454546 1.650851
0.454546 1.652753
0.454546 1.654655
0.454546 1.656557
0.454546 1.658458
0.454546 1.660360
0.454546 1.662262
0.454546 1.664164
0.454546 1.666066
0.454546 1.667968
0.454546 1.669870
0.454546 1.671772
0.454546 1.673674
0.454546 1.675576
0.454546 1.677477
0.454546 1.679379
0.454546 1.681281
0.454546 1.683183
0.454546 1.685085
0.454546 1.686987
0.454546 1.688889
0.454546 1.690791
0.454546 1.692693
0.454546 1.694595
0.454546 1.696496
0.454546 1.698398
0.454546 1.700300
0.454546 1.702202
0.454546 1.704104
0.454546 1.706006
0.454546 1.707908
0.454546 1.709810
0.454546 1.711712
0.454546 1.713614
0.454546 1.715516
0.454546 1.717417
0.454546 1.719319
0.454546 1.721221
0.454546 1.723123
0.454546 1.725025
0.454546 1.726927
0.454546 1.728829
0.454546 1.730731
0.454546 1.732633
0.454546 1.734535
0.454546 1.736436
0.454546 1.738338
0.454546 1.740240
0.454546 1.742142
0.454546 1.744044
0.454546 1.745946
0.454546 1.747848
0.454546 1.749750
0.454546 1.751652
0.454546 1.753554
0.454546 1.755455
0.454546 1.757357
0.454546 1.759259
0.454546 1.761161
0.454546 1.763063
0.454546 1.764965
0.454546 1.766867
0.454546 1.768769
0.454546 1.770671
0.454546 1.772573
0.454546 1.774474
0.454546 1.776376
0.454546 1.778278
0.454546 1.780180
0.454546 1.782082
0.454546 1.783984
0.454546 1.785886
0.454546 1.787788
0.454546 1.789690
0.454546 1.791592
0.454546 1.793493
0.454546 1.795395
0.454546 1.797297
0.454546 1.799199
0.454546 1.801101
0.454546 1.803003
0.454546 1.804905
0.454546 1.806807
0.454546 1.808709
0.454546 1.810611
0.454546 1.812513
0.454546 1.814414
0.454546 1.816316
0.454546 1.818218
0.454546 1.820120
0.454546 1.822022
0.454546 1.823924
0.454546 1.825826
0.454546 1.827728
0.454546 1.829630
0.454546 1.831532
0.454546 1.833433
0.454546 1.835335
0.454546 1.837237
0.454546 1.839139
0.454546 1.841041
0.454546 1.842943
0.454546 1.844845
0.454546 1.846747
0.454546 1.848649
0.454546 1.850551
0.454546 1.852452
0.454546 1.854354
0.454546 1.856256
0.454546 1.858158
0.454546 1.860060
0.454546 1.861962
0.454546 1.863864
0.454546 1.865766
0.454546 1.867668
0.454546 1.869570
0.454546 1.871471
0.454546 1.873373
0.454546 1.875275
0.454546 1.877177
0.454546 1.879079
0.454546 1.880981
0.454546 1.882883
0.454546 1.884785
0.454546 1.886687
0.454546 1.888589
0.454546 1.890490
0.454546 1.892392
0.454546 1.894294
0.454546 1.896196
0.454546 1.898098
0.454546 1.900000
