0.000000 0.000000000000000000000000000000
0.250000 0.060493066023015108767513225985
0.500000 0.042499904710606530022776183841
0.750000 0.026777654612873312556242666460
1.000000 0.016648277124467151383280238974
1.250000 0.010332557598413345811838581767
1.500000 0.006411301404911579418510747530
1.750000 0.003978059756677653630019264597
2.000000 0.002468281329020435583415649106
2.250000 0.001531502752239836733991196205
2.500000 0.000950256555785410983797079076
2.750000 0.000589608808768695823870897854
3.000000 0.000365836515235082977096775503
3.250000 0.000226991784836040811279209151
3.500000 0.000140842338684608425584954272
3.750000 0.000087388908723817369707947966
4.000000 0.000054222483375812911094923652
4.250000 0.000033643602447673775048594264
4.500000 0.000020874956571281197301127516
4.750000 0.000012952352903664948613623141
5.000000 0.000008036588970531271627667676
5.250000 0.000004986488768615125857829387
5.500000 0.000003093983073005298454366020
5.750000 0.000001919733844843673581338425
6.000000 0.000001191143567394674240318827
6.250000 0.000000739072763631590676814971
6.500000 0.000000458574906412645194511007
6.750000 0.000000284533479163887469695296
7.000000 0.000000176545422858912206299793
7.250000 0.000000109541718689910464924667
7.500000 0.000000067967710174672233043500
7.750000 0.000000042172148489521029228924
8.000000 0.000000026166691560619194585425
8.250000 0.000000016235733102351065564059
8.500000 0.000000010073838672348398947290
8.750000 0.000000006250547785970115816385
9.000000 0.000000003878297925490599474732
9.250000 0.000000002406380258803233060491
9.500000 0.000000001493094667095592659358
9.750000 0.000000000926425354743399436643
10.000000 0.000000000574822184303257394703
10.250000 0.000000000356661809691821025836
10.500000 0.000000000221299125131770627572
10.750000 0.000000000137310195410053493461
11.000000 0.000000000085197308178785470862
11.250000 0.000000000052862653783533198518
11.500000 0.000000000032799864511840639843
11.750000 0.000000000020351439721518913193
12.000000 0.000000000012627524683496824465
12.250000 0.000000000007835041737303725447
12.500000 0.000000000004861434094484129212
12.750000 0.000000000003016389988388976242
13.000000 0.000000000001871589408643160301
13.250000 0.000000000001161271230851709973
13.500000 0.000000000000720537776809446892
13.750000 0.000000000000447074442228903330
14.000000 0.000000000000277397748358645840
14.250000 0.000000000000172117892516540318
14.500000 0.000000000000106794554388501367
14.750000 0.000000000000066263168112766679
15.000000 0.000000000000041114525674855384
15.250000 0.000000000000025510464857213161
15.500000 0.000000000000015828561963177674
15.750000 0.000000000000009821199857567989
16.000000 0.000000000000006093792150334360
16.250000 0.000000000000003781035241112821
16.500000 0.000000000000002346031361399926
16.750000 0.000000000000001455649788403482
17.000000 0.000000000000000903191807808869
17.250000 0.000000000000000560406389086040
17.500000 0.000000000000000347717193859794
17.750000 0.000000000000000215749229952420
18.000000 0.000000000000000133866633709896
18.250000 0.000000000000000083060670134357
18.500000 0.000000000000000051536926954625
18.750000 0.000000000000000031977286429667
19.000000 0.000000000000000019841051995693
19.250000 0.000000000000000012310842734003
19.500000 0.000000000000000007638549047412
19.750000 0.000000000000000004739515629467
20.000000 0.000000000000000002940742837748
20.250000 0.000000000000000001824652372491
20.500000 0.000000000000000001132148053785
20.750000 0.000000000000000000702467623429
21.000000 0.000000000000000000435862394778
21.250000 0.000000000000000000270440972432
21.500000 0.000000000000000000167801398896
21.750000 0.000000000000000000104116285407
22.000000 0.000000000000000000064601373756
22.250000 0.000000000000000000040083426669
22.500000 0.000000000000000000024870695469
22.750000 0.000000000000000000015431602148
23.000000 0.000000000000000000009574896897
23.250000 0.000000000000000000005940967743
23.500000 0.000000000000000000003686211779
23.750000 0.000000000000000000002287195936
24.000000 0.000000000000000000001419143979
24.250000 0.000000000000000000000880540928
24.500000 0.000000000000000000000546352123
24.750000 0.000000000000000000000338996897
25.000000 0.000000000000000000000210338519
25.250000 0.000000000000000000000130509432
25.500000 0.000000000000000000000080977616
25.750000 0.000000000000000000000050244448
26.000000 0.000000000000000000000031175338
26.250000 0.000000000000000000000019343464
26.500000 0.000000000000000000000012002103
26.750000 0.000000000000000000000007446984
27.000000 0.000000000000000000000004620655
27.250000 0.000000000000000000000002866993
27.500000 0.000000000000000000000001778892
27.750000 0.000000000000000000000001103755
28.000000 0.000000000000000000000000684851
28.250000 0.000000000000000000000000424932
28.500000 0.000000000000000000000000263659
28.750000 0.000000000000000000000000163593
29.000000 0.000000000000000000000000101505
29.250000 0.000000000000000000000000062981
29.500000 0.000000000000000000000000039078
29.750000 0.000000000000000000000000024247
30.000000 0.000000000000000000000000015045
30.250000 0.000000000000000000000000009335
30.500000 0.000000000000000000000000005792
30.750000 0.000000000000000000000000003594
31.000000 0.000000000000000000000000002230
31.250000 0.000000000000000000000000001384
31.500000 0.000000000000000000000000000858
31.750000 0.000000000000000000000000000533
32.000000 0.000000000000000000000000000330
32.250000 0.000000000000000000000000000205
32.500000 0.000000000000000000000000000127
32.750000 0.000000000000000000000000000079
33.000000 0.000000000000000000000000000049
33.250000 0.000000000000000000000000000030
33.500000 0.000000000000000000000000000019
33.750000 0.000000000000000000000000000012
34.000000 0.000000000000000000000000000007
34.250000 0.000000000000000000000000000005
34.500000 0.000000000000000000000000000003
34.750000 0.000000000000000000000000000002
35.000000 0.000000000000000000000000000001
35.250000 0.000000000000000000000000000001
35.500000 0.000000000000000000000000000000
35.750000 0.000000000000000000000000000000
36.000000 0.000000000000000000000000000000
36.250000 0.000000000000000000000000000000
36.500000 0.000000000000000000000000000000
36.750000 0.000000000000000000000000000000
37.000000 0.000000000000000000000000000000
37.250000 0.000000000000000000000000000000
37.500000 0.000000000000000000000000000000
37.750000 0.000000000000000000000000000000
38.000000 0.000000000000000000000000000000
38.250000 0.000000000000000000000000000000
38.500000 0.000000000000000000000000000000
38.750000 0.000000000000000000000000000000
39.000000 0.000000000000000000000000000000
39.250000 0.000000000000000000000000000000
39.500000 0.000000000000000000000000000000
39.750000 0.000000000000000000000000000000
40.000000 0.000000000000000000000000000000
